Armature Current vs Exciting Current
Exciting Current (A)
Armature Current (A)
0.906309	118.847122
3.546535	115.245694
6.186555	111.644266
8.826371	108.042838
11.465982	104.441410
14.119409	100.839982
16.788569	97.238554
19.473964	93.637126
22.158952	90.035699
24.843533	86.434271
27.527708	82.832843
30.211476	79.231415
32.894837	75.629987
35.577854	72.028559
38.286068	68.427131
40.997086	64.825703
43.718876	61.224275
46.510186	57.622847
49.301034	54.021419
52.123350	50.419991
55.086192	46.818563
58.048551	43.217135
61.010428	39.615707
63.971823	36.014279
67.056318	32.412851
70.147883	28.811424
73.238950	25.209996
76.329811	21.608568
79.442670	18.007140
82.756629	14.405712
86.070064	10.804284
89.382977	7.202856
92.695367	3.601428
96.010200	0.000000
100.731285	5.038693
105.479089	10.077387
110.225509	15.116080
114.972678	20.154773
119.719902	25.193466
124.481755	30.232160
129.242698	35.270853
134.567590	40.309546
140.436387	45.348239
146.355447	50.386933
152.273098	55.425626
158.189340	60.464319
164.128222	65.503012
170.066114	70.541706
176.274134	75.580399
182.502217	80.619092
188.728837	85.657785
195.038963	90.696479
203.576524	95.735172
212.112199	100.773865
220.645989	105.812558
229.177893	110.851252
237.707913	115.889945
247.092026	120.928638
256.797584	125.967331
266.519588	131.006025
276.249795	136.044718
286.918384	141.083411
297.962048	146.122104
309.091618	151.160798
322.772205	156.199491
338.315072	161.238184
353.853221	166.276878
369.386653	171.315571
384.915367	176.354264
400.439364	181.392957
415.958645	186.431651
431.473209	191.470344
447.017291	196.509037
462.609590	201.547730
478.197172	206.586424
494.264381	211.625117
512.461788	216.663810
531.496834	221.702503
550.526229	226.741197
569.549972	231.779890
588.568064	236.818583
607.583521	241.857276
628.123292	246.895970
649.090242	251.934663
Air-Gap Power = 0 Rated Power
1.229778	123.575947
3.214686	120.369547
5.292023	117.163147
7.563084	113.956748
9.902789	110.750348
12.257303	107.543948
14.631219	104.337548
17.007249	101.131148
19.386090	97.924748
21.768390	94.718348
24.154777	91.511948
26.551894	88.305548
28.985744	85.099148
31.425040	81.892749
33.870711	78.686349
36.336815	75.479949
38.819889	72.273549
41.312040	69.067149
43.815056	65.860749
46.331083	62.654349
48.862751	59.447949
51.491550	56.241549
54.186897	53.035150
56.937753	49.828750
59.889190	46.622350
62.889856	43.415950
65.956426	40.209550
69.159403	37.003150
72.604147	33.796750
76.260916	30.590350
80.284215	27.383950
85.307454	24.177550
96.450722	20.971151
110.226113	25.590421
116.928005	30.209691
122.664163	34.828961
127.973872	39.448232
133.093909	44.067502
139.046939	48.686772
145.043151	53.306042
150.939446	57.925313
156.760494	62.544583
162.523126	67.163853
168.262970	71.783123
174.085445	76.402394
180.039748	81.021664
185.966323	85.640934
191.869339	90.260204
198.567495	94.879475
206.630060	99.498745
214.670762	104.118015
222.692131	108.737285
230.696282	113.356555
238.684995	117.975826
247.492101	122.595096
256.560158	127.214366
265.623233	131.833636
274.692627	136.452907
284.326770	141.072177
294.604699	145.691447
304.897785	150.310717
315.667113	154.929988
330.110335	159.549258
344.539131	164.168528
358.954298	168.787798
373.356551	173.407069
387.746536	178.026339
402.124840	182.645609
416.491991	187.264879
430.848474	191.884150
445.209480	196.503420
459.627307	201.122690
474.035617	205.741960
488.729176	210.361231
504.446676	214.980501
522.028320	219.599771
539.599800	224.219041
557.161423	228.838312
574.713476	233.457582
592.256222	238.076852
609.794033	242.696122
628.921279	247.315393
648.250886	251.934663
Air-Gap Power = 0.1 Rated Power
6.929550	150.580578
6.958844	147.720450
7.201279	144.860321
7.623256	142.000193
8.193196	139.140064
8.913789	136.279936
9.795427	133.419808
10.807469	130.559679
11.913212	127.699551
13.191715	124.839423
14.567172	121.979294
16.007401	119.119166
17.503225	116.259037
19.066135	113.398909
20.684241	110.538781
22.379585	107.678652
24.113443	104.818524
25.890625	101.958396
27.856393	99.098267
29.963163	96.238139
32.116446	93.378010
34.292889	90.517882
36.535358	87.657754
38.817641	84.797625
41.128039	81.937497
43.486571	79.077369
45.942516	76.217240
48.439173	73.357112
50.984119	70.496983
53.587028	67.636855
56.260584	64.776727
59.021924	61.916598
61.895083	59.056470
65.054722	56.196342
68.456488	53.336213
72.445459	50.476085
76.974416	47.615956
82.929543	44.755828
97.120882	41.895700
115.274767	46.096479
123.417815	50.297258
130.113327	54.498037
136.082866	58.698817
142.372180	62.899596
148.936249	67.100375
155.239798	71.301155
161.376131	75.501934
167.352174	79.702713
173.199019	83.903492
179.124058	88.104272
185.095296	92.305051
190.988062	96.505830
196.813900	100.706609
203.966543	104.907389
211.870815	109.108168
219.711657	113.308947
227.496379	117.509726
235.231129	121.710506
242.921127	125.911285
251.573651	130.112064
260.256593	134.312843
268.901148	138.513623
277.517218	142.714402
286.700283	146.915181
296.450570	151.115961
306.169326	155.316740
315.864170	159.517519
329.337159	163.718298
342.951240	167.919078
356.529575	172.119857
370.074439	176.320636
383.587891	180.521415
397.071807	184.722195
410.527894	188.922974
423.957713	193.123753
437.362691	197.324532
450.744141	201.525312
464.153422	205.726091
477.569128	209.926870
491.297045	214.127650
505.990772	218.328429
522.328966	222.529208
538.645232	226.729987
554.940519	230.930767
571.215714	235.131546
587.471644	239.332325
603.709077	243.533104
620.648578	247.733884
638.526610	251.934663
Air-Gap Power = 0.2 Rated Power
24.439101	149.810299
24.511176	147.250406
24.702461	144.690514
24.996858	142.130622
25.402595	139.570729
25.919095	137.010837
26.524757	134.450944
27.214194	131.891052
27.983551	129.331159
28.858689	126.771267
29.846211	124.211375
30.900622	121.651482
32.043023	119.091590
33.297435	116.531697
34.627697	113.971805
36.024924	111.411913
37.483254	108.852020
39.022367	106.292128
40.616332	103.732235
42.266424	101.172343
43.974629	98.612450
45.816066	96.052558
47.933535	93.492666
50.174909	90.932773
52.493546	88.372881
54.922583	85.812988
57.438741	83.253096
60.069743	80.693204
62.946149	78.133311
66.038493	75.573419
69.390533	73.013526
73.143903	70.453634
77.531210	67.893741
83.418649	65.333849
98.585855	62.773957
119.286932	66.557171
128.507463	70.340385
135.835595	74.123599
142.226301	77.906813
148.570712	81.690027
155.482530	85.473241
162.079292	89.256455
168.401766	93.039670
174.505779	96.822884
180.445919	100.606098
186.490106	104.389312
192.462911	108.172526
198.319229	111.955740
204.099975	115.738954
211.907725	119.522168
219.725209	123.305383
227.440782	127.088597
235.065528	130.871811
242.608850	134.655025
250.369944	138.438239
258.831829	142.221453
267.223446	146.004667
275.551068	149.787881
283.822917	153.571096
292.884095	157.354310
302.196225	161.137524
311.471474	164.920738
320.978778	168.703952
333.865633	172.487166
346.725304	176.270380
359.614973	180.053595
372.447548	183.836809
385.226519	187.620023
397.955074	191.403237
410.636132	195.186451
423.272371	198.969665
435.866252	202.752879
448.420045	206.536093
460.935844	210.319308
473.415588	214.102522
485.976197	217.885736
498.899767	221.668950
513.393671	225.452164
528.606097	229.235378
543.783015	233.018592
558.926007	236.801806
574.036550	240.585021
589.116026	244.368235
604.165734	248.151449
619.603516	251.934663
Air-Gap Power = 0.3 Rated Power
40.832784	154.958687
40.875001	152.656994
41.013568	150.355302
41.230063	148.053610
41.528084	145.751918
41.902886	143.450226
42.358456	141.148533
42.891242	138.846841
43.495632	136.545149
44.174232	134.243457
44.919898	131.941764
45.737129	129.640072
46.646665	127.338380
47.636437	125.036688
48.704654	122.734995
49.880986	120.433303
51.166019	118.131611
52.521080	115.829919
53.950089	113.528226
55.483069	111.226534
57.125941	108.924842
58.865712	106.623150
60.707205	104.321457
62.677578	102.019765
65.070865	99.718073
67.705818	97.416381
70.589797	95.114688
73.755254	92.812996
77.366401	90.511304
81.683705	88.209612
87.294247	85.907919
101.982518	83.606227
123.090253	86.972796
132.875812	90.339365
140.686589	93.705933
147.412949	97.072502
153.466546	100.439071
160.003090	103.805639
166.743884	107.172208
173.145904	110.538777
179.339918	113.905346
185.302462	117.271914
191.167967	120.638483
197.110314	124.005052
202.914205	127.371620
208.617617	130.738189
215.351399	134.104758
223.064445	137.471327
230.674242	140.837895
238.167559	144.204464
245.550709	147.571033
252.834136	150.937601
260.893143	154.304170
269.038341	157.670739
277.094997	161.037308
285.071932	164.403876
293.197046	167.770445
302.134921	171.137014
310.997907	174.503582
319.791228	177.870151
329.971126	181.236720
342.218983	184.603289
354.383402	187.969857
366.469531	191.336426
378.487914	194.702995
390.553823	198.069563
402.552001	201.436132
414.486176	204.802701
426.359785	208.169270
438.176004	211.535838
449.937772	214.902407
461.647818	218.268976
473.308675	221.635544
484.922699	225.002113
496.797113	228.368682
509.121718	231.735251
523.286811	235.101819
537.402924	238.468388
551.472177	241.834957
565.496556	245.201525
579.477932	248.568094
593.418060	251.934663
Air-Gap Power = 0.4 Rated Power
56.511522	164.737063
56.526422	162.656227
56.599635	160.575391
56.738529	158.494554
56.955054	156.413718
57.230678	154.332882
57.565911	152.252046
57.966089	150.171210
58.440439	148.090374
58.985249	146.009537
59.592449	143.928701
60.263378	141.847865
61.004392	139.767029
61.816608	137.686193
62.715609	135.605357
63.712790	133.524520
64.786382	131.443684
65.949123	129.362848
67.282000	127.282012
68.719722	125.201176
70.264507	123.120340
71.936320	121.039503
73.771008	118.958667
75.801938	116.877831
78.044224	114.796995
80.843585	112.716159
84.254505	110.635323
88.304818	108.554486
93.716534	106.473650
107.314794	104.392814
127.400451	107.343651
137.252380	110.294488
145.123092	113.245325
151.888039	116.196162
158.040872	119.146999
163.694669	122.097836
169.889700	125.048673
176.358637	127.999510
182.505874	130.950347
188.388945	133.901184
194.050846	136.852021
199.626346	139.802858
205.325232	142.753695
210.872778	145.704532
216.294499	148.655369
222.537403	151.606206
229.950938	154.557043
237.261299	157.507880
244.438038	160.458717
251.493432	163.409554
258.461386	166.360391
265.959128	169.311228
273.752566	172.262065
281.444609	175.212902
289.043518	178.163739
296.557727	181.114575
304.865255	184.065412
313.275607	187.016249
321.603885	189.967086
329.855297	192.917923
340.937884	195.868760
352.407230	198.819597
363.782902	201.770434
375.090062	204.721271
386.328355	207.672108
397.487248	210.622945
408.570911	213.573782
419.614463	216.524619
430.676408	219.475456
441.671574	222.426293
452.603144	225.377130
463.474088	228.327967
474.287176	231.278804
485.045001	234.229641
495.865131	237.180478
506.896210	240.131315
519.109316	243.082152
532.067329	246.032989
544.969737	248.983826
557.889311	251.934663
Air-Gap Power = 0.5 Rated Power
71.692440	176.230842
71.716604	174.338367
71.788284	172.445892
71.908508	170.553417
72.085689	168.660942
72.326169	166.768467
72.622236	164.875992
72.971786	162.983517
73.376501	161.091042
73.841751	159.198567
74.387526	157.306092
74.996008	155.413617
75.669246	153.521142
76.410872	151.628667
77.225252	149.736192
78.135002	147.843717
79.159145	145.951242
80.281819	144.058767
81.508183	142.166292
82.934130	140.273817
84.504427	138.381342
86.260878	136.488867
88.240589	134.596392
90.501091	132.703917
93.137052	130.811442
96.777089	128.918967
101.921821	127.026492
114.933426	125.134017
132.885811	127.670029
141.965276	130.206042
149.636599	132.742055
156.285449	135.278068
162.229549	137.814081
167.715781	140.350094
172.810044	142.886107
178.082901	145.422120
184.106188	147.958133
189.915176	150.494146
195.481748	153.030159
200.841413	155.566172
206.022187	158.102185
211.241477	160.638198
216.418720	163.174210
221.464611	165.710223
226.443428	168.246236
232.709253	170.782249
239.589258	173.318262
246.344062	175.854275
252.994883	178.390288
259.531291	180.926301
266.011270	183.462314
272.898828	185.998327
280.140338	188.534340
287.286904	191.070353
294.371845	193.606366
301.371087	196.142378
308.743813	198.678391
316.576802	201.214404
324.324689	203.750417
331.992420	206.286430
340.308300	208.822443
350.984274	211.358456
361.560708	213.894469
372.042798	216.430482
382.435348	218.966495
392.742811	221.502508
402.969326	224.038521
413.123924	226.574534
423.232231	229.110547
433.270009	231.646559
443.240403	234.182572
453.146363	236.718585
463.051123	239.254598
472.945386	241.790611
482.780955	244.326624
492.560197	246.862637
502.439767	249.398650
512.457296	251.934663
Air-Gap Power = 0.6 Rated Power
86.526367	190.861838
86.531784	189.129849
86.577080	187.397861
86.663551	185.665872
86.792603	183.933883
86.969833	182.201894
87.206329	180.469906
87.490556	178.737917
87.827550	177.005928
88.218342	175.273939
88.664220	173.541950
89.180615	171.809962
89.763181	170.077973
90.421428	168.345984
91.151803	166.613995
91.960920	164.882007
92.859849	163.150018
93.884985	161.418029
95.045118	159.686040
96.335155	157.954052
97.854774	156.222063
99.588565	154.490074
101.579128	152.758085
103.977838	151.026097
106.936704	149.294108
111.347991	147.562119
123.780978	145.830130
139.443462	147.952221
147.455398	150.074312
154.237533	152.196402
160.510428	154.318493
166.208130	156.440584
171.440008	158.562674
176.285144	160.684765
180.827783	162.806856
185.141875	164.928946
189.953493	167.051037
195.204138	169.173128
200.274586	171.295218
205.250697	173.417309
210.066163	175.539399
214.735590	177.661490
219.375110	179.783581
224.068968	181.905671
228.649514	184.027762
233.127176	186.149853
237.532905	188.271943
243.761329	190.394034
249.867767	192.516125
255.907438	194.638215
261.878629	196.760306
267.752889	198.882397
273.535012	201.004487
279.529059	203.126578
286.046147	205.248669
292.478558	207.370759
298.870884	209.492850
305.183553	211.614941
311.421723	213.737031
318.267411	215.859122
325.294258	217.981213
332.254451	220.103303
339.142524	222.225394
346.249125	224.347484
355.872459	226.469575
365.404039	228.591666
374.848097	230.713756
384.208579	232.835847
393.489174	234.957938
402.693335	237.080028
411.824298	239.202119
420.885104	241.324210
429.878607	243.446300
438.807497	245.568391
447.674307	247.690482
456.486005	249.812572
465.264866	251.934663
Air-Gap Power = 0.7 Rated Power
101.097761	206.361675
101.098756	204.766466
101.134429	203.171257
101.206201	201.576048
101.315633	199.980839
101.464450	198.385630
101.665905	196.790421
101.916145	195.195212
102.212397	193.600003
102.557459	192.004794
102.957167	190.409585
103.415126	188.814376
103.947387	187.219166
104.545381	185.623957
105.215695	184.028748
105.976324	182.433539
106.827228	180.838330
107.790744	179.243121
108.907174	177.647912
110.178054	176.052703
111.667770	174.457494
113.467509	172.862285
115.601181	171.267076
118.283870	169.671867
122.011960	168.076658
133.518665	166.481448
147.055575	168.190513
153.813228	169.899577
159.630902	171.608641
164.798666	173.317706
169.912033	175.026770
174.638249	176.735834
179.123129	178.444899
183.343270	180.153963
187.348429	181.863027
191.155779	183.572091
194.795819	185.281156
198.397561	186.990220
202.800139	188.699284
207.182312	190.408349
211.467744	192.117413
215.627617	193.826477
219.672210	195.535541
223.612449	197.244606
227.507005	198.953670
231.566942	200.662734
235.551478	202.371799
239.454486	204.080863
243.282078	205.789927
247.040568	207.498991
252.427952	209.208056
257.726274	210.917120
262.936166	212.626184
268.063137	214.335249
273.112186	216.044313
278.087862	217.753377
282.994322	219.462441
288.150167	221.171506
293.760432	222.880570
299.302048	224.589634
304.776801	226.298699
310.198249	228.007763
315.576610	229.716827
320.897116	231.425891
326.907589	233.134956
332.946466	234.844020
338.924802	236.553084
344.845191	238.262149
350.710062	239.971213
357.976003	241.680277
366.256099	243.389341
374.462931	245.098406
382.599329	246.807470
390.667966	248.516534
398.671364	250.225599
406.611908	251.934663
Air-Gap Power = 0.8 Rated Power
115.462885	222.105318
115.472813	220.808390
115.506891	219.511462
115.566146	218.214534
115.651700	216.917606
115.764786	215.620678
115.910547	214.323749
116.096815	213.026821
116.315336	211.729893
116.568032	210.432965
116.857084	209.136037
117.184988	207.839109
117.554622	206.542181
117.980629	205.245253
118.461140	203.948325
118.995728	202.651397
119.590151	201.354469
120.251502	200.057541
120.995385	198.760613
121.834581	197.463685
122.803755	196.166757
123.910675	194.869829
125.173899	193.572901
126.733465	192.275973
128.602317	190.979045
130.933224	189.682117
134.183789	188.385189
144.046540	187.088260
155.672432	188.385189
160.905434	189.682117
165.548084	190.979045
169.814871	192.275973
173.840061	193.572901
177.633634	194.869829
181.504508	196.166757
185.114527	197.463685
188.568867	198.760613
191.892454	200.057541
195.116486	201.354469
198.207917	202.651397
201.183718	203.948325
204.082293	205.245253
206.897316	206.542181
209.825033	207.839109
213.313840	209.136037
216.824747	210.432965
220.246196	211.729893
223.585657	213.026821
226.849662	214.323749
230.043955	215.620678
233.194341	216.917606
236.296832	218.214534
239.430678	219.511462
242.616315	220.808390
245.747453	222.105318
248.827392	223.402246
251.910292	224.699174
254.953906	225.996102
258.493138	227.293030
262.841273	228.589958
267.127113	229.886886
271.353804	231.183814
275.524252	232.480742
279.641148	233.777670
283.706990	235.074598
287.724101	236.371526
291.694644	237.668454
295.645232	238.965382
300.152504	240.262310
304.611348	241.559239
309.023728	242.856167
313.391491	244.153095
317.736266	245.450023
322.081674	246.746951
326.386417	248.043879
330.769880	249.340807
335.644176	250.637735
340.474763	251.934663
Air-Gap Power = 0.9 Rated Power
129.672609	239.535196
129.673333	238.649520
129.685594	237.763844
129.709779	236.878167
129.746304	235.992491
129.795613	235.106815
129.858184	234.221139
129.934533	233.335463
130.026821	232.449786
130.142072	231.564110
130.273016	230.678434
130.420377	229.792758
130.584950	228.907082
130.767608	228.021405
130.969319	227.135729
131.191158	226.250053
131.434326	225.364377
131.700171	224.478701
131.996968	223.593024
132.322312	222.707348
132.678451	221.821672
133.065050	220.935996
133.484824	220.050320
133.940972	219.164643
134.437319	218.278967
134.978498	217.393291
135.571755	216.507615
136.243780	215.621939
137.001992	214.736262
137.841233	213.850586
138.778670	212.964910
139.883586	212.079234
141.186256	211.193558
142.731786	210.307881
144.650650	209.422205
147.310204	208.536529
155.154446	207.650853
164.544673	208.536529
168.711274	209.422205
172.024482	210.307881
175.042353	211.193558
178.089063	212.079234
180.863949	212.964910
183.663146	213.850586
186.301704	214.736262
188.820079	215.621939
191.518856	216.507615
194.097322	217.393291
196.571341	218.278967
198.980052	219.164643
201.354828	220.050320
203.647306	220.935996
205.870006	221.821672
208.029613	222.707348
210.131830	223.593024
212.195547	224.478701
214.236307	225.364377
216.231341	226.250053
218.184034	227.135729
220.123837	228.021405
222.586503	228.907082
225.092753	229.792758
227.593072	230.678434
230.048449	231.564110
232.461519	232.449786
234.834683	233.335463
237.170131	234.221139
239.469868	235.106815
241.735735	235.992491
243.969429	236.878167
246.172515	237.763844
248.346517	238.649520
250.636222	239.535196
252.897358	240.420872
255.134470	241.306548
257.365636	242.192225
259.570845	243.077901
261.751157	243.963577
263.907567	244.849253
266.041009	245.734930
268.849335	246.620606
271.950246	247.506282
275.018691	248.391958
278.092850	249.277634
281.149619	250.163311
284.177535	251.048987
287.176540	251.934663
Air-Gap Power = 1 Rated Power
