Air-Gap Permeance at No Load
Electric Degree
(H/m^2)
0	2.082e-05
1	2.12047e-05
2	2.15894e-05
3	2.19741e-05
4	2.23588e-05
5	2.27436e-05
6	2.31283e-05
7	2.3513e-05
8	2.39081e-05
9	2.5278e-05
10	2.66479e-05
11	2.80178e-05
12	2.93876e-05
13	3.07636e-05
14	3.36333e-05
15	3.65031e-05
16	3.93728e-05
17	4.34687e-05
18	4.85001e-05
19	5.37341e-05
20	6.11594e-05
21	6.88791e-05
22	7.77541e-05
23	8.62827e-05
24	9.43517e-05
25	0.000101104
26	0.000105934
27	0.000109113
28	0.000110871
29	0.000112646
30	0.000114438
31	0.000115748
32	0.000116881
33	0.000118016
34	0.000119129
35	0.000120195
36	0.000121261
37	0.000122327
38	0.000123386
39	0.000124442
40	0.000125497
41	0.000126549
42	0.000127597
43	0.000128641
44	0.000129681
45	0.000130716
46	0.000131745
47	0.000132767
48	0.000133782
49	0.000134789
50	0.000135787
51	0.000136775
52	0.000137753
53	0.00013872
54	0.000139675
55	0.000140617
56	0.000141545
57	0.000142459
58	0.000143358
59	0.00014424
60	0.000145105
61	0.000145952
62	0.000146781
63	0.000147589
64	0.000148377
65	0.000149144
66	0.000149889
67	0.000150611
68	0.000151308
69	0.000151981
70	0.000152629
71	0.000153251
72	0.000153845
73	0.000154412
74	0.000154951
75	0.00015546
76	0.00015594
77	0.00015639
78	0.000156808
79	0.000157195
80	0.000157551
81	0.000157874
82	0.000158164
83	0.000158421
84	0.000158644
85	0.000158834
86	0.000158989
87	0.00015911
88	0.000159197
89	0.000159249
90	0.000159266
91	0.000159249
92	0.000159197
93	0.00015911
94	0.000158989
95	0.000158834
96	0.000158644
97	0.000158421
98	0.000158164
99	0.000157874
100	0.000157551
101	0.000157195
102	0.000156808
103	0.00015639
104	0.00015594
105	0.00015546
106	0.000154951
107	0.000154412
108	0.000153845
109	0.000153251
110	0.000152629
111	0.000151981
112	0.000151308
113	0.000150611
114	0.000149889
115	0.000149144
116	0.000148377
117	0.000147589
118	0.000146781
119	0.000145952
120	0.000145105
121	0.00014424
122	0.000143358
123	0.000142459
124	0.000141545
125	0.000140617
126	0.000139675
127	0.00013872
128	0.000137753
129	0.000136775
130	0.000135787
131	0.000134789
132	0.000133782
133	0.000132767
134	0.000131745
135	0.000130716
136	0.000129681
137	0.000128641
138	0.000127597
139	0.000126549
140	0.000125497
141	0.000124442
142	0.000123386
143	0.000122327
144	0.000121261
145	0.000120195
146	0.000119129
147	0.000118016
148	0.000116881
149	0.000115748
150	0.000114438
151	0.000112646
152	0.000110871
153	0.000109113
154	0.000105934
155	0.000101104
156	9.43517e-05
157	8.62827e-05
158	7.77541e-05
159	6.88791e-05
160	6.11594e-05
161	5.37341e-05
162	4.85001e-05
163	4.34687e-05
164	3.93728e-05
165	3.65031e-05
166	3.36333e-05
167	3.07636e-05
168	2.93876e-05
169	2.80178e-05
170	2.66479e-05
171	2.5278e-05
172	2.39081e-05
173	2.3513e-05
174	2.31283e-05
175	2.27436e-05
176	2.23588e-05
177	2.19741e-05
178	2.15894e-05
179	2.12047e-05
180	2.082e-05
181	2.12047e-05
182	2.15894e-05
183	2.19741e-05
184	2.23588e-05
185	2.27436e-05
186	2.31283e-05
187	2.3513e-05
188	2.39081e-05
189	2.5278e-05
190	2.66479e-05
191	2.80178e-05
192	2.93876e-05
193	3.07636e-05
194	3.36333e-05
195	3.65031e-05
196	3.93728e-05
197	4.34687e-05
198	4.85001e-05
199	5.37341e-05
200	6.11594e-05
201	6.88791e-05
202	7.77541e-05
203	8.62827e-05
204	9.43517e-05
205	0.000101104
206	0.000105934
207	0.000109113
208	0.000110871
209	0.000112646
210	0.000114438
211	0.000115748
212	0.000116881
213	0.000118016
214	0.000119129
215	0.000120195
216	0.000121261
217	0.000122327
218	0.000123386
219	0.000124442
220	0.000125497
221	0.000126549
222	0.000127597
223	0.000128641
224	0.000129681
225	0.000130716
226	0.000131745
227	0.000132767
228	0.000133782
229	0.000134789
230	0.000135787
231	0.000136775
232	0.000137753
233	0.00013872
234	0.000139675
235	0.000140617
236	0.000141545
237	0.000142459
238	0.000143358
239	0.00014424
240	0.000145105
241	0.000145952
242	0.000146781
243	0.000147589
244	0.000148377
245	0.000149144
246	0.000149889
247	0.000150611
248	0.000151308
249	0.000151981
250	0.000152629
251	0.000153251
252	0.000153845
253	0.000154412
254	0.000154951
255	0.00015546
256	0.00015594
257	0.00015639
258	0.000156808
259	0.000157195
260	0.000157551
261	0.000157874
262	0.000158164
263	0.000158421
264	0.000158644
265	0.000158834
266	0.000158989
267	0.00015911
268	0.000159197
269	0.000159249
270	0.000159266
271	0.000159249
272	0.000159197
273	0.00015911
274	0.000158989
275	0.000158834
276	0.000158644
277	0.000158421
278	0.000158164
279	0.000157874
280	0.000157551
281	0.000157195
282	0.000156808
283	0.00015639
284	0.00015594
285	0.00015546
286	0.000154951
287	0.000154412
288	0.000153845
289	0.000153251
290	0.000152629
291	0.000151981
292	0.000151308
293	0.000150611
294	0.000149889
295	0.000149144
296	0.000148377
297	0.000147589
298	0.000146781
299	0.000145952
300	0.000145105
301	0.00014424
302	0.000143358
303	0.000142459
304	0.000141545
305	0.000140617
306	0.000139675
307	0.00013872
308	0.000137753
309	0.000136775
310	0.000135787
311	0.000134789
312	0.000133782
313	0.000132767
314	0.000131745
315	0.000130716
316	0.000129681
317	0.000128641
318	0.000127597
319	0.000126549
320	0.000125497
321	0.000124442
322	0.000123386
323	0.000122327
324	0.000121261
325	0.000120195
326	0.000119129
327	0.000118016
328	0.000116881
329	0.000115748
330	0.000114438
331	0.000112646
332	0.000110871
333	0.000109113
334	0.000105934
335	0.000101104
336	9.43517e-05
337	8.62827e-05
338	7.77541e-05
339	6.88791e-05
340	6.11594e-05
341	5.37341e-05
342	4.85001e-05
343	4.34687e-05
344	3.93728e-05
345	3.65031e-05
346	3.36333e-05
347	3.07636e-05
348	2.93876e-05
349	2.80178e-05
350	2.66479e-05
351	2.5278e-05
352	2.39081e-05
353	2.3513e-05
354	2.31283e-05
355	2.27436e-05
356	2.23588e-05
357	2.19741e-05
358	2.15894e-05
359	2.12047e-05
360	2.082e-05
Air-Gap Permeance