Induced Winding Voltages at No Load
Electric Degree
(Volts)
0	684.626087
1	763.875619
2	841.640034
3	941.286547
4	1043.767073
5	1156.061547
6	1285.082775
7	1428.098457
8	1579.655281
9	1719.693414
10	1840.276137
11	1937.184978
12	2033.100301
13	2127.847951
14	2200.740681
15	2276.091591
16	2353.136947
17	2425.044688
18	2510.985450
19	2599.446164
20	2697.801108
21	2801.492675
22	2910.331794
23	3021.734908
24	3122.311306
25	3205.719691
26	3267.636723
27	3332.185424
28	3396.513300
29	3446.758234
30	3494.799319
31	3544.383523
32	3593.189551
33	3647.954203
34	3703.989832
35	3765.992782
36	3830.848628
37	3898.257382
38	3967.231324
39	4031.057013
40	4086.251194
41	4130.938829
42	4177.884674
43	4224.631933
44	4264.007229
45	4304.236156
46	4345.748971
47	4386.474473
48	4433.765405
49	4481.621147
50	4535.137038
51	4591.373329
52	4649.438218
53	4707.726992
54	4760.633966
55	4804.676345
56	4836.896775
57	4868.698189
58	4900.065691
59	4923.828069
60	4943.697002
61	4962.895752
62	4981.082562
63	4997.701865
64	5013.587820
65	5028.727349
66	5042.997007
67	5056.480866
68	5069.180250
69	5081.077108
70	5092.161633
71	5102.431004
72	5111.876375
73	5120.489576
74	5128.263132
75	5135.190272
76	5141.264422
77	5146.480788
78	5150.834794
79	5154.322612
80	5156.941170
81	5158.688161
82	5159.562041
83	5159.562041
84	5158.688161
85	5156.941170
86	5154.322612
87	5150.834794
88	5146.480788
89	5141.264422
90	5135.190272
91	5128.263132
92	5120.489576
93	5111.876375
94	5102.431004
95	5092.161633
96	5081.077108
97	5069.180250
98	5056.480866
99	5042.997007
100	5028.727349
101	5013.587820
102	4997.701865
103	4981.082562
104	4962.895752
105	4943.697002
106	4923.828069
107	4900.065691
108	4868.698189
109	4836.896775
110	4804.676345
111	4760.633966
112	4707.726992
113	4649.438218
114	4591.373329
115	4535.137038
116	4481.621147
117	4433.765405
118	4386.474473
119	4345.748971
120	4304.236156
121	4264.007229
122	4224.631933
123	4177.884674
124	4130.938829
125	4086.251194
126	4031.057013
127	3967.231324
128	3898.257382
129	3830.848628
130	3765.992782
131	3703.989832
132	3647.954203
133	3593.189551
134	3544.383523
135	3494.799319
136	3446.758234
137	3396.513300
138	3332.185424
139	3267.636723
140	3205.719691
141	3122.311306
142	3021.734908
143	2910.331794
144	2801.492675
145	2697.801108
146	2599.446164
147	2510.985450
148	2425.044688
149	2353.136947
150	2276.091591
151	2200.740681
152	2127.847951
153	2033.100301
154	1937.184978
155	1840.276137
156	1719.693414
157	1579.655281
158	1428.098457
159	1285.082775
160	1156.061547
161	1043.767073
162	941.286547
163	841.640034
164	763.875619
165	684.626087
166	607.077871
167	535.481222
168	449.864116
169	362.443343
170	273.791121
171	172.818877
172	60.203599
173	-60.203599
174	-172.818877
175	-273.791121
176	-362.443343
177	-449.864116
178	-535.481222
179	-607.077871
180	-684.626087
181	-763.875619
182	-841.640034
183	-941.286547
184	-1043.767073
185	-1156.061547
186	-1285.082775
187	-1428.098457
188	-1579.655281
189	-1719.693414
190	-1840.276137
191	-1937.184978
192	-2033.100301
193	-2127.847951
194	-2200.740681
195	-2276.091591
196	-2353.136947
197	-2425.044688
198	-2510.985450
199	-2599.446164
200	-2697.801108
201	-2801.492675
202	-2910.331794
203	-3021.734908
204	-3122.311306
205	-3205.719691
206	-3267.636723
207	-3332.185424
208	-3396.513300
209	-3446.758234
210	-3494.799319
211	-3544.383523
212	-3593.189551
213	-3647.954203
214	-3703.989832
215	-3765.992782
216	-3830.848628
217	-3898.257382
218	-3967.231324
219	-4031.057013
220	-4086.251194
221	-4130.938829
222	-4177.884674
223	-4224.631933
224	-4264.007229
225	-4304.236156
226	-4345.748971
227	-4386.474473
228	-4433.765405
229	-4481.621147
230	-4535.137038
231	-4591.373329
232	-4649.438218
233	-4707.726992
234	-4760.633966
235	-4804.676345
236	-4836.896775
237	-4868.698189
238	-4900.065691
239	-4923.828069
240	-4943.697002
241	-4962.895752
242	-4981.082562
243	-4997.701865
244	-5013.587820
245	-5028.727349
246	-5042.997007
247	-5056.480866
248	-5069.180250
249	-5081.077108
250	-5092.161633
251	-5102.431004
252	-5111.876375
253	-5120.489576
254	-5128.263132
255	-5135.190272
256	-5141.264422
257	-5146.480788
258	-5150.834794
259	-5154.322612
260	-5156.941170
261	-5158.688161
262	-5159.562041
263	-5159.562041
264	-5158.688161
265	-5156.941170
266	-5154.322612
267	-5150.834794
268	-5146.480788
269	-5141.264422
270	-5135.190272
271	-5128.263132
272	-5120.489576
273	-5111.876375
274	-5102.431004
275	-5092.161633
276	-5081.077108
277	-5069.180250
278	-5056.480866
279	-5042.997007
280	-5028.727349
281	-5013.587820
282	-4997.701865
283	-4981.082562
284	-4962.895752
285	-4943.697002
286	-4923.828069
287	-4900.065691
288	-4868.698189
289	-4836.896775
290	-4804.676345
291	-4760.633966
292	-4707.726992
293	-4649.438218
294	-4591.373329
295	-4535.137038
296	-4481.621147
297	-4433.765405
298	-4386.474473
299	-4345.748971
300	-4304.236156
301	-4264.007229
302	-4224.631933
303	-4177.884674
304	-4130.938829
305	-4086.251194
306	-4031.057013
307	-3967.231324
308	-3898.257382
309	-3830.848628
310	-3765.992782
311	-3703.989832
312	-3647.954203
313	-3593.189551
314	-3544.383523
315	-3494.799319
316	-3446.758234
317	-3396.513300
318	-3332.185424
319	-3267.636723
320	-3205.719691
321	-3122.311306
322	-3021.734908
323	-2910.331794
324	-2801.492675
325	-2697.801108
326	-2599.446164
327	-2510.985450
328	-2425.044688
329	-2353.136947
330	-2276.091591
331	-2200.740681
332	-2127.847951
333	-2033.100301
334	-1937.184978
335	-1840.276137
336	-1719.693414
337	-1579.655281
338	-1428.098457
339	-1285.082775
340	-1156.061547
341	-1043.767073
342	-941.286547
343	-841.640034
344	-763.875619
345	-684.626087
346	-607.077871
347	-535.481222
348	-449.864116
349	-362.443343
350	-273.791121
351	-172.818877
352	-60.203599
353	60.203599
354	172.818877
355	273.791121
356	362.443343
357	449.864116
358	535.481222
359	607.077871
360	684.626087
Phase Voltage
0	-3619.610069
1	-3500.131611
2	-3382.991898
3	-3236.598127
4	-3087.171756
5	-2930.189647
6	-2745.974237
7	-2539.132867
8	-2318.602101
9	-2111.155214
10	-1925.716645
11	-1766.804854
12	-1614.853902
13	-1465.341600
14	-1343.642843
15	-1218.707727
16	-1093.621287
17	-971.468612
18	-821.199974
19	-668.190559
20	-507.918583
21	-320.818630
22	-111.403114
23	111.403114
24	320.818630
25	507.918583
26	668.190559
27	821.199974
28	971.468612
29	1093.621287
30	1218.707727
31	1343.642843
32	1465.341600
33	1614.853902
34	1766.804854
35	1925.716645
36	2111.155214
37	2318.602101
38	2539.132867
39	2745.974237
40	2930.189647
41	3087.171756
42	3236.598127
43	3382.991898
44	3500.131611
45	3619.610069
46	3738.671100
47	3850.993251
48	3983.901288
49	4119.177805
50	4261.345918
51	4418.554451
52	4589.234619
53	4767.930591
54	4933.452843
55	5078.467466
56	5199.340118
57	5318.562305
58	5435.546913
59	5530.905939
60	5628.323089
61	5726.771371
62	5822.722596
63	5938.988412
64	6057.354893
65	6184.788897
66	6328.079782
67	6484.579323
68	6648.835531
69	6800.770522
70	6932.437770
71	7039.615982
72	7144.976676
73	7248.337527
74	7329.003812
75	7411.281864
76	7494.401369
77	7571.525477
78	7661.820244
79	7753.768776
80	7854.742279
81	7960.180836
82	8069.893835
83	8181.296949
84	8280.999466
85	8362.660861
86	8421.959335
87	8483.020218
88	8542.994089
89	8588.022656
90	8629.989591
91	8672.646655
92	8713.679127
93	8759.830578
94	8806.420836
95	8858.154415
96	8911.925736
97	8967.437632
98	9023.712189
99	9074.054020
100	9114.978544
101	9144.526649
102	9175.586539
103	9205.714495
104	9226.902981
105	9247.933158
106	9269.577040
107	9286.540164
108	9302.463594
109	9318.517922
110	9339.813383
111	9352.007294
112	9357.165210
113	9357.165210
114	9352.007294
115	9339.813383
116	9318.517922
117	9302.463594
118	9286.540164
119	9269.577040
120	9247.933158
121	9226.902981
122	9205.714495
123	9175.586539
124	9144.526649
125	9114.978544
126	9074.054020
127	9023.712189
128	8967.437632
129	8911.925736
130	8858.154415
131	8806.420836
132	8759.830578
133	8713.679127
134	8672.646655
135	8629.989591
136	8588.022656
137	8542.994089
138	8483.020218
139	8421.959335
140	8362.660861
141	8280.999466
142	8181.296949
143	8069.893835
144	7960.180836
145	7854.742279
146	7753.768776
147	7661.820244
148	7571.525477
149	7494.401369
150	7411.281864
151	7329.003812
152	7248.337527
153	7144.976676
154	7039.615982
155	6932.437770
156	6800.770522
157	6648.835531
158	6484.579323
159	6328.079782
160	6184.788897
161	6057.354893
162	5938.988412
163	5822.722596
164	5726.771371
165	5628.323089
166	5530.905939
167	5435.546913
168	5318.562305
169	5199.340118
170	5078.467466
171	4933.452843
172	4767.930591
173	4589.234619
174	4418.554451
175	4261.345918
176	4119.177805
177	3983.901288
178	3850.993251
179	3738.671100
180	3619.610069
181	3500.131611
182	3382.991898
183	3236.598127
184	3087.171756
185	2930.189647
186	2745.974237
187	2539.132867
188	2318.602101
189	2111.155214
190	1925.716645
191	1766.804854
192	1614.853902
193	1465.341600
194	1343.642843
195	1218.707727
196	1093.621287
197	971.468612
198	821.199974
199	668.190559
200	507.918583
201	320.818630
202	111.403114
203	-111.403114
204	-320.818630
205	-507.918583
206	-668.190559
207	-821.199974
208	-971.468612
209	-1093.621287
210	-1218.707727
211	-1343.642843
212	-1465.341600
213	-1614.853902
214	-1766.804854
215	-1925.716645
216	-2111.155214
217	-2318.602101
218	-2539.132867
219	-2745.974237
220	-2930.189647
221	-3087.171756
222	-3236.598127
223	-3382.991898
224	-3500.131611
225	-3619.610069
226	-3738.671100
227	-3850.993251
228	-3983.901288
229	-4119.177805
230	-4261.345918
231	-4418.554451
232	-4589.234619
233	-4767.930591
234	-4933.452843
235	-5078.467466
236	-5199.340118
237	-5318.562305
238	-5435.546913
239	-5530.905939
240	-5628.323089
241	-5726.771371
242	-5822.722596
243	-5938.988412
244	-6057.354893
245	-6184.788897
246	-6328.079782
247	-6484.579323
248	-6648.835531
249	-6800.770522
250	-6932.437770
251	-7039.615982
252	-7144.976676
253	-7248.337527
254	-7329.003812
255	-7411.281864
256	-7494.401369
257	-7571.525477
258	-7661.820244
259	-7753.768776
260	-7854.742279
261	-7960.180836
262	-8069.893835
263	-8181.296949
264	-8280.999466
265	-8362.660861
266	-8421.959335
267	-8483.020218
268	-8542.994089
269	-8588.022656
270	-8629.989591
271	-8672.646655
272	-8713.679127
273	-8759.830578
274	-8806.420836
275	-8858.154415
276	-8911.925736
277	-8967.437632
278	-9023.712189
279	-9074.054020
280	-9114.978544
281	-9144.526649
282	-9175.586539
283	-9205.714495
284	-9226.902981
285	-9247.933158
286	-9269.577040
287	-9286.540164
288	-9302.463594
289	-9318.517922
290	-9339.813383
291	-9352.007294
292	-9357.165210
293	-9357.165210
294	-9352.007294
295	-9339.813383
296	-9318.517922
297	-9302.463594
298	-9286.540164
299	-9269.577040
300	-9247.933158
301	-9226.902981
302	-9205.714495
303	-9175.586539
304	-9144.526649
305	-9114.978544
306	-9074.054020
307	-9023.712189
308	-8967.437632
309	-8911.925736
310	-8858.154415
311	-8806.420836
312	-8759.830578
313	-8713.679127
314	-8672.646655
315	-8629.989591
316	-8588.022656
317	-8542.994089
318	-8483.020218
319	-8421.959335
320	-8362.660861
321	-8280.999466
322	-8181.296949
323	-8069.893835
324	-7960.180836
325	-7854.742279
326	-7753.768776
327	-7661.820244
328	-7571.525477
329	-7494.401369
330	-7411.281864
331	-7329.003812
332	-7248.337527
333	-7144.976676
334	-7039.615982
335	-6932.437770
336	-6800.770522
337	-6648.835531
338	-6484.579323
339	-6328.079782
340	-6184.788897
341	-6057.354893
342	-5938.988412
343	-5822.722596
344	-5726.771371
345	-5628.323089
346	-5530.905939
347	-5435.546913
348	-5318.562305
349	-5199.340118
350	-5078.467466
351	-4933.452843
352	-4767.930591
353	-4589.234619
354	-4418.554451
355	-4261.345918
356	-4119.177805
357	-3983.901288
358	-3850.993251
359	-3738.671100
360	-3619.610069
Line Voltage
