Induced Coil Voltages at Full Load
Electric Degree
(Volts)
0	2.718978
1	3.179599
2	3.642265
3	4.100269
4	4.594544
5	5.089814
6	5.580406
7	6.110039
8	6.732974
9	7.433599
10	8.119198
11	8.884700
12	9.850318
13	10.801138
14	11.823444
15	13.212842
16	14.723106
17	16.253309
18	18.470853
19	20.735044
20	23.544620
21	26.577332
22	29.755417
23	32.904700
24	35.537992
25	37.358350
26	38.131576
27	38.893178
28	39.666218
29	39.809209
30	39.650749
31	39.493378
32	39.304066
33	39.029858
34	38.746876
35	38.456857
36	38.147954
37	37.828724
38	37.500920
39	37.163576
40	36.816829
41	36.461449
42	36.097576
43	35.725338
44	35.344910
45	34.956476
46	34.560236
47	34.156403
48	33.745203
49	33.326879
50	32.901685
51	32.469890
52	32.031777
53	31.587645
54	31.137805
55	30.682583
56	30.222317
57	29.757360
58	29.288079
59	28.814852
60	28.338070
61	27.858139
62	27.375471
63	26.890495
64	26.403647
65	25.915374
66	25.426132
67	24.936385
68	24.446605
69	23.957272
70	23.468871
71	22.981891
72	22.496825
73	22.014172
74	21.534429
75	21.058096
76	20.585672
77	20.117655
78	19.654539
79	19.196817
80	18.744975
81	18.299492
82	17.860841
83	17.429487
84	17.005884
85	16.590476
86	16.183694
87	15.785958
88	15.397671
89	15.019225
90	14.650991
91	14.293308
92	13.946534
93	13.610988
94	13.286972
95	12.974766
96	12.674632
97	12.386807
98	12.111511
99	11.848939
100	11.599265
101	11.362641
102	11.139196
103	10.929037
104	10.732248
105	10.548892
106	10.379007
107	10.222613
108	10.079706
109	9.950261
110	9.834232
111	9.731554
112	9.642141
113	9.565889
114	9.502676
115	9.452359
116	9.414783
117	9.389773
118	9.377140
119	9.376679
120	9.388174
121	9.411394
122	9.446095
123	9.492024
124	9.548916
125	9.616498
126	9.694486
127	9.782590
128	9.880513
129	9.987952
130	10.104596
131	10.230132
132	10.364243
133	10.506608
134	10.656905
135	10.814807
136	10.979991
137	11.152129
138	11.330896
139	11.515966
140	11.707114
141	11.904059
142	12.105743
143	12.311875
144	12.524726
145	12.740788
146	12.951281
147	13.178217
148	13.414899
149	13.579340
150	13.765227
151	14.076155
152	14.097525
153	13.500258
154	13.263048
155	13.425305
156	13.024930
157	12.160137
158	10.925714
159	9.781807
160	8.533820
161	7.464921
162	6.423165
163	5.395870
164	4.837740
165	4.003519
166	3.299739
167	2.971978
168	2.342329
169	1.701227
170	1.264813
171	0.912558
172	0.549217
173	0.014493
174	-0.427343
175	-0.827942
176	-1.231110
177	-1.631264
178	-1.993218
179	-2.357994
180	-2.718978
181	-3.179599
182	-3.642265
183	-4.100269
184	-4.594544
185	-5.089814
186	-5.580406
187	-6.110039
188	-6.732974
189	-7.433599
190	-8.119198
191	-8.884700
192	-9.850318
193	-10.801138
194	-11.823444
195	-13.212842
196	-14.723106
197	-16.253309
198	-18.470853
199	-20.735044
200	-23.544620
201	-26.577332
202	-29.755417
203	-32.904700
204	-35.537992
205	-37.358350
206	-38.131576
207	-38.893178
208	-39.666218
209	-39.809209
210	-39.650749
211	-39.493378
212	-39.304066
213	-39.029858
214	-38.746876
215	-38.456857
216	-38.147954
217	-37.828724
218	-37.500920
219	-37.163576
220	-36.816829
221	-36.461449
222	-36.097576
223	-35.725338
224	-35.344910
225	-34.956476
226	-34.560236
227	-34.156403
228	-33.745203
229	-33.326879
230	-32.901685
231	-32.469890
232	-32.031777
233	-31.587645
234	-31.137805
235	-30.682583
236	-30.222317
237	-29.757360
238	-29.288079
239	-28.814852
240	-28.338070
241	-27.858139
242	-27.375471
243	-26.890495
244	-26.403647
245	-25.915374
246	-25.426132
247	-24.936385
248	-24.446605
249	-23.957272
250	-23.468871
251	-22.981891
252	-22.496825
253	-22.014172
254	-21.534429
255	-21.058096
256	-20.585672
257	-20.117655
258	-19.654539
259	-19.196817
260	-18.744975
261	-18.299492
262	-17.860841
263	-17.429487
264	-17.005884
265	-16.590476
266	-16.183694
267	-15.785958
268	-15.397671
269	-15.019225
270	-14.650991
271	-14.293308
272	-13.946534
273	-13.610988
274	-13.286972
275	-12.974766
276	-12.674632
277	-12.386807
278	-12.111511
279	-11.848939
280	-11.599265
281	-11.362641
282	-11.139196
283	-10.929037
284	-10.732248
285	-10.548892
286	-10.379007
287	-10.222613
288	-10.079706
289	-9.950261
290	-9.834232
291	-9.731554
292	-9.642141
293	-9.565889
294	-9.502676
295	-9.452359
296	-9.414783
297	-9.389773
298	-9.377140
299	-9.376679
300	-9.388174
301	-9.411394
302	-9.446095
303	-9.492024
304	-9.548916
305	-9.616498
306	-9.694486
307	-9.782590
308	-9.880513
309	-9.987952
310	-10.104596
311	-10.230132
312	-10.364243
313	-10.506608
314	-10.656905
315	-10.814807
316	-10.979991
317	-11.152129
318	-11.330896
319	-11.515966
320	-11.707114
321	-11.904059
322	-12.105743
323	-12.311875
324	-12.524726
325	-12.740788
326	-12.951281
327	-13.178217
328	-13.414899
329	-13.579340
330	-13.765227
331	-14.076155
332	-14.097525
333	-13.500258
334	-13.263048
335	-13.425305
336	-13.024930
337	-12.160137
338	-10.925714
339	-9.781807
340	-8.533820
341	-7.464921
342	-6.423165
343	-5.395870
344	-4.837740
345	-4.003519
346	-3.299739
347	-2.971978
348	-2.342329
349	-1.701227
350	-1.264813
351	-0.912558
352	-0.549217
353	-0.014493
354	0.427343
355	0.827942
356	1.231110
357	1.631264
358	1.993218
359	2.357994
360	2.718978
One-Conductor Voltage
0	-11.046248
1	-10.896556
2	-10.455260
3	-9.399988
4	-8.668504
5	-8.335490
6	-7.444523
7	-6.050098
8	-4.192740
9	-2.348208
10	-0.414621
11	1.419779
12	3.427154
13	5.405268
14	6.985703
15	9.209323
16	11.423367
17	13.281331
18	16.128524
19	19.033817
20	22.279807
21	25.664774
22	29.206200
23	32.890206
24	35.965335
25	38.186292
26	39.362685
27	40.524442
28	41.659435
29	42.167203
30	42.369728
31	42.672977
32	42.946331
33	43.130127
34	43.341420
35	43.546671
36	43.728360
37	43.938763
38	44.233893
39	44.597175
40	44.936028
41	45.346149
42	45.947894
43	46.526476
44	47.168354
45	48.169318
46	49.283342
47	50.409712
48	52.216056
49	54.061923
50	56.446304
51	59.047222
52	61.787194
53	64.492345
54	66.675797
55	68.040933
56	68.353892
57	68.650538
58	68.954296
59	68.624061
60	67.988820
61	67.351516
62	66.679537
63	65.920353
64	65.150523
65	64.372230
66	63.574085
67	62.765109
68	61.947525
69	61.120848
70	60.285700
71	59.443340
72	58.594401
73	57.739510
74	56.879339
75	56.014572
76	55.145908
77	54.274057
78	53.399743
79	52.523696
80	51.646659
81	50.769381
82	49.892618
83	49.017132
84	48.143689
85	47.273058
86	46.406011
87	45.543318
88	44.685750
89	43.834076
90	42.989061
91	42.151447
92	41.322005
93	40.501483
94	39.690619
95	38.890140
96	38.100763
97	37.323192
98	36.558116
99	35.806211
100	35.068136
101	34.344531
102	33.636021
103	32.943209
104	32.266677
105	31.606987
106	30.964679
107	30.340268
108	29.734246
109	29.147078
110	28.579207
111	28.031045
112	27.502982
113	26.995376
114	26.508559
115	26.042835
116	25.598477
117	25.175731
118	24.774811
119	24.395904
120	24.039165
121	23.704702
122	23.392629
123	23.103012
124	22.835888
125	22.591264
126	22.369117
127	22.169397
128	21.992024
129	21.836890
130	21.703860
131	21.592773
132	21.503439
133	21.435645
134	21.389153
135	21.363699
136	21.358998
137	21.374742
138	21.410602
139	21.466227
140	21.541346
141	21.635612
142	21.747884
143	21.877765
144	22.027401
145	22.193147
146	22.366065
147	22.567990
148	22.792039
149	22.956019
150	23.153401
151	23.487548
152	23.543620
153	22.992282
154	22.811964
155	23.041802
156	22.719416
157	21.942728
158	20.806227
159	19.769758
160	18.638415
161	17.695053
162	16.787408
163	15.902478
164	15.494645
165	14.818326
166	14.279730
167	14.124107
168	13.673225
169	13.217193
170	12.971927
171	12.816617
172	12.654960
173	12.326368
174	12.097382
175	11.912846
176	11.720172
177	11.546953
178	11.421681
179	11.221346
180	11.046248
181	10.896556
182	10.455260
183	9.399988
184	8.668504
185	8.335490
186	7.444523
187	6.050098
188	4.192740
189	2.348208
190	0.414621
191	-1.419779
192	-3.427154
193	-5.405268
194	-6.985703
195	-9.209323
196	-11.423367
197	-13.281331
198	-16.128524
199	-19.033817
200	-22.279807
201	-25.664774
202	-29.206200
203	-32.890206
204	-35.965335
205	-38.186292
206	-39.362685
207	-40.524442
208	-41.659435
209	-42.167203
210	-42.369728
211	-42.672977
212	-42.946331
213	-43.130127
214	-43.341420
215	-43.546671
216	-43.728360
217	-43.938763
218	-44.233893
219	-44.597175
220	-44.936028
221	-45.346149
222	-45.947894
223	-46.526476
224	-47.168354
225	-48.169318
226	-49.283342
227	-50.409712
228	-52.216056
229	-54.061923
230	-56.446304
231	-59.047222
232	-61.787194
233	-64.492345
234	-66.675797
235	-68.040933
236	-68.353892
237	-68.650538
238	-68.954296
239	-68.624061
240	-67.988820
241	-67.351516
242	-66.679537
243	-65.920353
244	-65.150523
245	-64.372230
246	-63.574085
247	-62.765109
248	-61.947525
249	-61.120848
250	-60.285700
251	-59.443340
252	-58.594401
253	-57.739510
254	-56.879339
255	-56.014572
256	-55.145908
257	-54.274057
258	-53.399743
259	-52.523696
260	-51.646659
261	-50.769381
262	-49.892618
263	-49.017132
264	-48.143689
265	-47.273058
266	-46.406011
267	-45.543318
268	-44.685750
269	-43.834076
270	-42.989061
271	-42.151447
272	-41.322005
273	-40.501483
274	-39.690619
275	-38.890140
276	-38.100763
277	-37.323192
278	-36.558116
279	-35.806211
280	-35.068136
281	-34.344531
282	-33.636021
283	-32.943209
284	-32.266677
285	-31.606987
286	-30.964679
287	-30.340268
288	-29.734246
289	-29.147078
290	-28.579207
291	-28.031045
292	-27.502982
293	-26.995376
294	-26.508559
295	-26.042835
296	-25.598477
297	-25.175731
298	-24.774811
299	-24.395904
300	-24.039165
301	-23.704702
302	-23.392629
303	-23.103012
304	-22.835888
305	-22.591264
306	-22.369117
307	-22.169397
308	-21.992024
309	-21.836890
310	-21.703860
311	-21.592773
312	-21.503439
313	-21.435645
314	-21.389153
315	-21.363699
316	-21.358998
317	-21.374742
318	-21.410602
319	-21.466227
320	-21.541346
321	-21.635612
322	-21.747884
323	-21.877765
324	-22.027401
325	-22.193147
326	-22.366065
327	-22.567990
328	-22.792039
329	-22.956019
330	-23.153401
331	-23.487548
332	-23.543620
333	-22.992282
334	-22.811964
335	-23.041802
336	-22.719416
337	-21.942728
338	-20.806227
339	-19.769758
340	-18.638415
341	-17.695053
342	-16.787408
343	-15.902478
344	-15.494645
345	-14.818326
346	-14.279730
347	-14.124107
348	-13.673225
349	-13.217193
350	-12.971927
351	-12.816617
352	-12.654960
353	-12.326368
354	-12.097382
355	-11.912846
356	-11.720172
357	-11.546953
358	-11.421681
359	-11.221346
360	-11.046248
One-Turn Voltage
