Armature Current vs Exciting Current
Exciting Current (A)
Armature Current (A)
1.560135	1767.193867
4.018905	1723.014021
6.488921	1678.834174
8.959117	1634.654327
11.428679	1590.474481
13.899530	1546.294634
16.370585	1502.114787
18.942377	1457.934941
21.529751	1413.755094
24.151987	1369.575247
26.832676	1325.395401
29.512665	1281.215554
32.191919	1237.035707
34.870437	1192.855861
37.548221	1148.676014
40.225268	1104.496167
42.920086	1060.316320
45.670760	1016.136474
48.539778	971.956627
51.420482	927.776780
54.306377	883.596934
57.195140	839.417087
60.095848	795.237240
62.995645	751.057394
65.901710	706.877547
68.814185	662.697700
71.725746	618.517854
74.636394	574.338007
77.642550	530.158160
80.671177	485.978314
83.698876	441.798467
86.725645	397.618620
89.751485	353.438773
92.816266	309.258927
95.902186	265.079080
98.987165	220.899233
102.071205	176.719387
105.154305	132.539540
108.417222	88.359693
111.773243	44.179847
115.128160	0.000000
118.481599	44.179847
121.833560	88.359693
125.338446	132.539540
129.105221	176.719387
132.870409	220.899233
136.634008	265.079080
140.396020	309.258927
144.646180	353.438773
149.576371	397.618620
154.504729	441.798467
159.431255	485.978314
164.357140	530.158160
170.006737	574.338007
176.838854	618.517854
183.696336	662.697700
190.553100	706.877547
197.409369	751.057394
205.963355	795.237240
216.585708	839.417087
227.227051	883.596934
237.877754	927.776780
248.527333	971.956627
262.866730	1016.136474
277.927868	1060.316320
292.987495	1104.496167
308.045696	1148.676014
323.916745	1192.855861
342.818564	1237.035707
361.718537	1281.215554
381.676070	1325.395401
402.080000	1369.575247
422.495539	1413.755094
442.909035	1457.934941
464.132552	1502.114787
485.975114	1546.294634
507.818498	1590.474481
529.660829	1634.654327
551.500988	1678.834174
573.338975	1723.014021
595.174790	1767.193867
617.008432	1811.373714
638.885798	1855.553561
661.284990	1899.733407
684.786373	1943.913254
708.285154	1988.093101
731.781285	2032.272948
755.274653	2076.452794
778.767403	2120.632641
802.257725	2164.812488
825.745397	2208.992334
Air-Gap Power = 0 Rated Power
1.396598	1803.998646
3.529943	1763.499277
5.710778	1722.999909
7.913745	1682.500540
10.125789	1642.001171
12.365573	1601.501802
14.608907	1561.002433
16.858435	1520.503065
19.110149	1480.003696
21.408131	1439.504327
23.786109	1399.004958
26.164941	1358.505589
28.604703	1318.006221
31.082375	1277.506852
33.560664	1237.007483
36.039829	1196.508114
38.520142	1156.008745
41.001890	1115.509377
43.485384	1075.010008
45.976283	1034.510639
48.598502	994.011270
51.273314	953.511901
53.964070	913.012533
56.669233	872.513164
59.379694	832.013795
62.108077	791.514426
64.847229	751.015057
67.603568	710.515689
70.375103	670.016320
73.159168	629.516951
75.958902	589.017582
78.862678	548.518213
81.827734	508.018845
84.827660	467.519476
87.874767	427.020107
90.988039	386.520738
94.249630	346.021369
97.684324	305.522000
101.398364	265.022632
105.733017	224.523263
115.364802	184.023894
125.211048	224.523263
130.513256	265.022632
135.050792	305.522000
139.242504	346.021369
143.311125	386.520738
148.315781	427.020107
153.287063	467.519476
158.176719	508.018845
163.004982	548.518213
167.788181	589.017582
174.362537	629.516951
180.921993	670.016320
187.460829	710.515689
193.971497	751.015057
200.458508	791.514426
209.797190	832.013795
219.799813	872.513164
229.801198	913.012533
239.787840	953.511901
249.755953	994.011270
263.507760	1034.510639
277.567277	1075.010008
291.608018	1115.509377
305.631788	1156.008745
319.641576	1196.508114
337.080974	1237.007483
354.636526	1277.506852
372.411695	1318.006221
391.321923	1358.505589
410.250258	1399.004958
429.166169	1439.504327
448.070009	1480.003696
468.018025	1520.503065
488.226243	1561.002433
508.426893	1601.501802
528.618240	1642.001171
548.800114	1682.500540
568.973022	1722.999909
589.137425	1763.499277
609.293746	1803.998646
629.446729	1844.498015
649.664920	1884.997384
670.919942	1925.496753
692.594453	1965.996121
714.261681	2006.495490
735.921905	2046.994859
757.575265	2087.494228
779.224206	2127.993597
800.866875	2168.492965
822.503469	2208.992334
Air-Gap Power = 0.1 Rated Power
0.818155	1951.243655
2.166077	1914.422415
3.665845	1877.601175
5.289770	1840.779935
6.995823	1803.958695
8.730242	1767.137455
10.482595	1730.316215
12.257306	1693.494975
14.052325	1656.673735
15.908962	1619.852495
17.872095	1583.031255
19.845633	1546.210015
21.842377	1509.388775
23.848962	1472.567536
25.864554	1435.746296
27.902053	1398.925056
30.011118	1362.103816
32.203869	1325.282576
34.404719	1288.461336
36.693387	1251.640096
38.988541	1214.818856
41.290060	1177.997616
43.622669	1141.176376
45.963933	1104.355136
48.314095	1067.533896
50.674442	1030.712656
53.113551	993.891416
55.664181	957.070176
58.255584	920.248936
60.868940	883.427696
63.515795	846.606457
66.201375	809.785217
68.917829	772.963977
71.699403	736.142737
74.530269	699.321497
77.416783	662.500257
80.396029	625.679017
83.540394	588.857777
86.831723	552.036537
90.326921	515.215297
94.094180	478.394057
98.398526	441.572817
103.679097	404.751577
115.861895	367.930337
129.006524	404.751577
135.479913	441.572817
140.755562	478.394057
145.505173	515.215297
151.185477	552.036537
156.615731	588.857777
161.825822	625.679017
166.870683	662.500257
172.808751	699.321497
179.506374	736.142737
186.105867	772.963977
192.623560	809.785217
199.061235	846.606457
206.709292	883.427696
216.271421	920.248936
226.004904	957.070176
235.691037	993.891416
245.320869	1030.712656
256.294264	1067.533896
269.780939	1104.355136
283.205679	1141.176376
296.574029	1177.997616
309.891488	1214.818856
323.708319	1251.640096
340.323345	1288.461336
356.889498	1325.282576
373.410746	1362.103816
390.930812	1398.925056
408.699040	1435.746296
426.442526	1472.567536
444.149911	1509.388775
462.469871	1546.210015
481.352375	1583.031255
500.204816	1619.852495
519.029901	1656.673735
537.827274	1693.494975
556.598574	1730.316215
575.345298	1767.137455
594.068825	1803.958695
612.770417	1840.779935
631.451241	1877.601175
650.172667	1914.422415
669.427965	1951.243655
689.492677	1988.064895
709.538657	2024.886135
729.566769	2061.707375
749.577743	2098.528614
769.573478	2135.349854
789.554437	2172.171094
809.520442	2208.992334
Air-Gap Power = 0.2 Rated Power
7.856078	2175.846879
7.951955	2142.701423
8.188636	2109.555967
8.555163	2076.410512
9.058316	2043.265056
9.687476	2010.119601
10.434053	1976.974145
11.263127	1943.828689
12.175483	1910.683234
13.160003	1877.537778
14.249806	1844.392323
15.400401	1811.246867
16.602345	1778.101412
17.881315	1744.955956
19.279077	1711.810500
20.729139	1678.665045
22.254645	1645.519589
23.827139	1612.374134
25.411284	1579.228678
27.014775	1546.083222
28.685087	1512.937767
30.394168	1479.792311
32.177477	1446.646856
34.006090	1413.501400
35.849763	1380.355944
37.708811	1347.210489
39.642995	1314.065033
41.671497	1280.919578
43.748105	1247.774122
45.916132	1214.628666
48.103002	1181.483211
50.308327	1148.337755
52.535849	1115.192300
54.784887	1082.046844
57.079451	1048.901388
59.423343	1015.755933
61.964437	982.610477
64.542794	949.465022
67.165149	916.319566
69.855912	883.174110
72.629618	850.028655
75.495468	816.883199
78.493679	783.737744
81.628446	750.592288
84.947810	717.446832
88.604296	684.301377
92.605561	651.155921
97.202080	618.010466
103.085221	584.865010
116.815487	551.719554
131.767435	584.865010
139.049095	618.010466
144.851854	651.155921
150.437799	684.301377
156.351021	717.446832
162.070808	750.592288
167.490541	783.737744
173.179256	816.883199
180.169860	850.028655
186.956353	883.174110
193.587673	916.319566
200.094878	949.465022
207.354994	982.610477
216.467872	1015.755933
225.854008	1048.901388
235.392552	1082.046844
244.841524	1115.192300
254.621852	1148.337755
267.755971	1181.483211
280.777262	1214.628666
293.695430	1247.774122
306.519960	1280.919578
319.260226	1314.065033
334.335047	1347.210489
350.154316	1380.355944
365.890289	1413.501400
381.549322	1446.646856
397.754340	1479.792311
414.536187	1512.937767
431.274523	1546.083222
447.949811	1579.228678
465.322736	1612.374134
483.049448	1645.519589
500.721925	1678.665045
518.344240	1711.810500
535.917394	1744.955956
553.444184	1778.101412
570.927183	1811.246867
588.368763	1844.392323
605.771118	1877.537778
623.136275	1910.683234
640.466115	1943.828689
657.812385	1976.974145
675.398742	2010.119601
693.977691	2043.265056
712.524658	2076.410512
731.041082	2109.555967
749.528239	2142.701423
767.988304	2175.846879
786.422537	2208.992334
Air-Gap Power = 0.3 Rated Power
19.862495	2179.520323
19.879386	2150.048312
19.996457	2120.576300
20.199863	2091.104289
20.484507	2061.632278
20.848628	2032.160266
21.302717	2002.688255
21.827822	1973.216244
22.421486	1943.744233
23.094027	1914.272221
23.839258	1884.800210
24.644079	1855.328199
25.498512	1825.856187
26.399910	1796.384176
27.355043	1766.912165
28.382428	1737.440153
29.461509	1707.968142
30.620211	1678.496131
31.812694	1649.024119
33.053462	1619.552108
34.377957	1590.080097
35.742814	1560.608086
37.169597	1531.136074
38.638670	1501.664063
40.185656	1472.192052
41.754801	1442.720040
43.361325	1413.248029
44.991407	1383.776018
46.686306	1354.304006
48.436098	1324.831995
50.338851	1295.359984
52.284075	1265.887973
54.324160	1236.415961
56.418528	1206.943950
58.567744	1177.471939
60.756331	1147.999927
62.987937	1118.527916
65.268986	1089.055905
67.641290	1059.583893
70.255268	1030.111882
72.964504	1000.639871
75.766543	971.167859
78.682985	941.695848
81.747012	912.223837
85.060991	882.751826
88.661677	853.279814
92.734155	823.807803
97.549103	794.335792
103.637577	764.863780
118.324121	735.391769
133.988942	764.863780
141.818511	794.335792
147.975921	823.807803
153.787771	853.279814
159.830741	882.751826
165.518353	912.223837
171.082905	941.695848
177.153932	971.167859
184.248438	1000.639871
191.089278	1030.111882
197.718491	1059.583893
204.183028	1089.055905
212.015225	1118.527916
221.023771	1147.999927
229.859835	1177.471939
238.967300	1206.943950
248.183775	1236.415961
258.072131	1265.887973
270.835201	1295.359984
283.444989	1324.831995
295.914509	1354.304006
308.255982	1383.776018
320.481133	1413.248029
334.670357	1442.720040
349.778944	1472.192052
364.771328	1501.664063
379.655921	1531.136074
394.440276	1560.608086
409.351650	1590.080097
425.157328	1619.552108
440.896359	1649.024119
456.633814	1678.496131
473.312887	1707.968142
489.912062	1737.440153
506.437977	1766.912165
522.893792	1796.384176
539.282325	1825.856187
555.607147	1855.328199
571.871560	1884.800210
588.078628	1914.272221
604.231194	1943.744233
620.331903	1973.216244
636.383219	2002.688255
652.387441	2032.160266
668.382657	2061.632278
684.361645	2091.104289
701.391140	2120.576300
718.477224	2150.048312
735.521865	2179.520323
752.526691	2208.992334
Air-Gap Power = 0.4 Rated Power
31.252535	2183.191432
31.303354	2157.390529
31.413911	2131.589627
31.584715	2105.788724
31.814137	2079.987821
32.096235	2054.186919
32.429417	2028.386016
32.822397	2002.585114
33.271677	1976.784211
33.766860	1950.983308
34.306516	1925.182406
34.892053	1899.381503
35.528620	1873.580601
36.231829	1847.779698
36.973272	1821.978795
37.751883	1796.177893
38.566672	1770.376990
39.416784	1744.576088
40.302353	1718.775185
41.281019	1692.974282
42.312673	1667.173380
43.380655	1641.372477
44.479199	1615.571575
45.608200	1589.770672
46.793109	1563.969769
48.045897	1538.168867
49.347686	1512.367964
50.769024	1486.567062
52.237148	1460.766159
53.737404	1434.965256
55.265378	1409.164354
56.825211	1383.363451
58.423327	1357.562549
60.234765	1331.761646
62.127440	1305.960743
64.156138	1280.159841
66.235966	1254.358938
68.369573	1228.558036
70.568285	1202.757133
72.859407	1176.956230
75.238092	1151.155328
77.919444	1125.354425
80.753057	1099.553523
83.759995	1073.752620
86.996404	1047.951718
90.515763	1022.150815
94.454886	996.349912
99.166271	970.549010
105.396881	944.748107
120.441301	918.947205
136.365245	944.748107
144.041696	970.549010
150.400871	996.349912
155.921844	1022.150815
162.101222	1047.951718
167.772932	1073.752620
173.067268	1099.553523
178.403096	1125.354425
185.532551	1151.155328
192.367463	1176.956230
198.955371	1202.757133
205.336520	1228.558036
212.036228	1254.358938
220.888001	1280.159841
229.547224	1305.960743
238.024584	1331.761646
246.339443	1357.562549
255.004223	1383.363451
266.006804	1409.164354
278.195682	1434.965256
290.217673	1460.766159
302.081913	1486.567062
313.801062	1512.367964
325.387612	1538.168867
339.377440	1563.969769
353.652516	1589.770672
367.792311	1615.571575
381.805903	1641.372477
395.701497	1667.173380
409.486533	1692.974282
423.167783	1718.775185
437.580751	1744.576088
452.211577	1770.376990
467.420164	1796.177893
482.905521	1821.978795
498.299298	1847.779698
513.608849	1873.580601
528.835847	1899.381503
543.984396	1925.182406
559.058311	1950.983308
574.061141	1976.784211
588.996197	2002.585114
603.866569	2028.386016
618.675148	2054.186919
633.424641	2079.987821
648.117587	2105.788724
662.756371	2131.589627
677.345227	2157.390529
691.940456	2183.191432
706.752095	2208.992334
Air-Gap Power = 0.5 Rated Power
42.253155	2208.992334
42.324162	2186.860209
42.436320	2164.728084
42.587156	2142.595959
42.774649	2120.463834
43.004516	2098.331709
43.270240	2076.199584
43.570875	2054.067459
43.913822	2031.935334
44.295680	2009.803209
44.712549	1987.671084
45.163068	1965.538959
45.645723	1943.406834
46.160092	1921.274709
46.706874	1899.142584
47.296211	1877.010459
47.927501	1854.878334
48.597637	1832.746209
49.297247	1810.614084
50.026194	1788.481959
50.784400	1766.349834
51.571851	1744.217709
52.429853	1722.085584
53.332677	1699.953459
54.280224	1677.821334
55.259885	1655.689209
56.272093	1633.557084
57.314340	1611.424959
58.387425	1589.292834
59.518755	1567.160709
60.779990	1545.028584
62.081613	1522.896459
63.464750	1500.764334
64.904142	1478.632209
66.375033	1456.500084
67.882307	1434.367959
69.579838	1412.235834
71.335238	1390.103709
73.262985	1367.971584
75.320018	1345.839459
77.452064	1323.707334
79.671502	1301.575209
81.994367	1279.443084
84.510763	1257.310958
87.397040	1235.178833
90.498834	1213.046708
93.889929	1190.914583
97.720380	1168.782458
102.250651	1146.650333
108.223744	1124.518208
123.139751	1102.386083
138.975372	1124.518208
146.146470	1146.650333
152.255715	1168.782458
157.716704	1190.914583
163.212350	1213.046708
168.871537	1235.178833
174.128004	1257.310958
179.070133	1279.443084
184.411389	1301.575209
190.969889	1323.707334
197.450370	1345.839459
203.699040	1367.971584
209.747116	1390.103709
216.283867	1412.235834
224.663454	1434.367959
232.840367	1456.500084
240.872056	1478.632209
248.738499	1500.764334
256.455072	1522.896459
265.153341	1545.028584
276.525912	1567.160709
287.841511	1589.292834
299.018383	1611.424959
310.045970	1633.557084
320.930063	1655.689209
332.120399	1677.821334
345.497926	1699.953459
358.727634	1722.085584
371.818792	1744.217709
384.779824	1766.349834
397.618408	1788.481959
410.341566	1810.614084
422.955737	1832.746209
435.466838	1854.878334
447.880321	1877.010459
461.156843	1899.142584
475.383339	1921.274709
489.529971	1943.406834
503.583023	1965.538959
517.548114	1987.671084
531.427416	2009.803209
545.224773	2031.935334
558.943781	2054.067459
572.587810	2076.199584
586.160020	2098.331709
599.663379	2120.463834
613.100682	2142.595959
626.474556	2164.728084
639.787484	2186.860209
653.041806	2208.992334
Air-Gap Power = 0.6 Rated Power
53.228127	2208.992334
53.376054	2190.526660
53.548221	2172.060986
53.744531	2153.595312
53.968533	2135.129638
54.218145	2116.663964
54.494041	2098.198289
54.802133	2079.732615
55.133721	2061.266941
55.488745	2042.801267
55.867565	2024.335593
56.271754	2005.869919
56.699256	1987.404245
57.150080	1968.938570
57.627817	1950.472896
58.130448	1932.007222
58.660051	1913.541548
59.215809	1895.075874
59.810898	1876.610200
60.431257	1858.144526
61.075503	1839.678851
61.743956	1821.213177
62.458362	1802.747503
63.214218	1784.281829
63.995399	1765.816155
64.802980	1747.350481
65.659629	1728.884807
66.548886	1710.419132
67.470015	1691.953458
68.422668	1673.487784
69.406051	1655.022110
70.481825	1636.556436
71.602282	1618.090762
72.818254	1599.625088
74.075292	1581.159413
75.407271	1562.693739
76.804483	1544.228065
78.351815	1525.762391
79.999588	1507.296717
81.773796	1488.831043
83.660504	1470.365369
85.642239	1451.899694
87.803459	1433.434020
90.089221	1414.968346
92.551247	1396.502672
95.455142	1378.036998
98.666800	1359.571324
102.293884	1341.105650
106.575411	1322.639976
112.189616	1304.174301
126.398336	1285.708627
141.596184	1304.174301
148.282948	1322.639976
154.106467	1341.105650
159.170326	1359.571324
163.682756	1378.036998
168.742026	1396.502672
173.863846	1414.968346
178.661472	1433.434020
183.196962	1451.899694
187.780241	1470.365369
193.699144	1488.831043
199.389181	1507.296717
205.000991	1525.762391
210.639266	1544.228065
216.112423	1562.693739
222.897898	1581.159413
230.529200	1599.625088
237.985051	1618.090762
245.279654	1636.556436
252.432704	1655.022110
259.479640	1673.487784
266.908862	1691.953458
276.666945	1710.419132
286.270982	1728.884807
296.129443	1747.350481
306.195991	1765.816155
316.134055	1784.281829
325.965107	1802.747503
336.301591	1821.213177
348.390771	1839.678851
360.343337	1858.144526
372.166873	1876.610200
383.868345	1895.075874
395.454165	1913.541548
406.930248	1932.007222
418.302066	1950.472896
429.574689	1968.938570
440.752825	1987.404245
451.840856	2005.869919
462.850068	2024.335593
474.551963	2042.801267
487.041486	2061.266941
499.579605	2079.732615
512.054342	2098.198289
524.447370	2116.663964
536.761431	2135.129638
548.999614	2153.595312
561.164832	2172.060986
573.259833	2190.526660
585.287218	2208.992334
Air-Gap Power = 0.7 Rated Power
64.498919	2208.992334
64.703559	2194.190789
64.929417	2179.389243
65.176546	2164.587698
65.439360	2149.786152
65.717942	2134.984607
66.012381	2120.183061
66.322782	2105.381515
66.649256	2090.579970
66.992617	2075.778424
67.353595	2060.976879
67.732169	2046.175333
68.130540	2031.373788
68.545743	2016.572242
68.978074	2001.770697
69.427690	1986.969151
69.897603	1972.167606
70.387660	1957.366060
70.904061	1942.564515
71.445338	1927.762969
72.005445	1912.961423
72.608901	1898.159878
73.241188	1883.358332
73.893839	1868.556787
74.567523	1853.755241
75.262988	1838.953696
75.981073	1824.152150
76.727577	1809.350605
77.518842	1794.549059
78.335886	1779.747514
79.188353	1764.945968
80.121432	1750.144422
81.085448	1735.342877
82.091906	1720.541331
83.137662	1705.739786
84.270569	1690.938240
85.452048	1676.136695
86.725132	1661.335149
88.191897	1646.533604
89.741322	1631.732058
91.441960	1616.930513
93.222921	1602.128967
95.101120	1587.327422
97.095804	1572.525876
99.299512	1557.724330
101.827054	1542.922785
104.771984	1528.121239
108.096106	1513.319694
112.058375	1498.518148
117.248498	1483.716603
130.302015	1468.915057
144.365298	1483.716603
150.602082	1498.518148
155.519502	1513.319694
160.326637	1528.121239
164.580639	1542.922785
168.444969	1557.724330
172.359944	1572.525876
176.711001	1587.327422
180.998765	1602.128967
185.071347	1616.930513
188.960458	1631.732058
193.039718	1646.533604
198.211475	1661.335149
203.206154	1676.136695
208.043603	1690.938240
212.740347	1705.739786
217.310455	1720.541331
221.974532	1735.342877
228.407003	1750.144422
235.068424	1764.945968
241.588503	1779.747514
247.978121	1794.549059
254.247952	1809.350605
260.408487	1824.152150
266.464255	1838.953696
273.780623	1853.755241
282.253669	1868.556787
290.603139	1883.358332
298.835739	1898.159878
306.958174	1912.961423
314.976575	1927.762969
323.483049	1942.564515
331.946887	1957.366060
341.231243	1972.167606
351.697272	1986.969151
362.051653	2001.770697
372.299650	2016.572242
382.446156	2031.373788
392.495728	2046.175333
402.452619	2060.976879
412.320803	2075.778424
422.104001	2090.579970
431.805702	2105.381515
441.429183	2120.183061
450.977524	2134.984607
460.453626	2149.786152
470.140416	2164.587698
480.150724	2179.389243
490.091814	2194.190789
499.966164	2208.992334
Air-Gap Power = 0.8 Rated Power
76.485342	2208.992334
76.732092	2197.852599
76.988839	2186.712865
77.255707	2175.573130
77.532829	2164.433395
77.822488	2153.293660
78.125453	2142.153925
78.439116	2131.014191
78.763696	2119.874456
79.099361	2108.734721
79.446288	2097.594986
79.804691	2086.455251
80.174806	2075.315517
80.556882	2064.175782
80.954507	2053.036047
81.365380	2041.896312
81.793195	2030.756577
82.256015	2019.616842
82.745296	2008.477108
83.248583	1997.337373
83.766337	1986.197638
84.299065	1975.057903
84.847322	1963.918168
85.411719	1952.778434
85.992927	1941.638699
86.591689	1930.498964
87.208826	1919.359229
87.846163	1908.219494
88.523273	1897.079760
89.264959	1885.940025
90.034918	1874.800290
90.835198	1863.660555
91.671644	1852.520820
92.536851	1841.381085
93.433161	1830.241351
94.363300	1819.101616
95.360881	1807.961881
96.530082	1796.822146
97.762162	1785.682411
99.122566	1774.542677
100.609262	1763.402942
102.176824	1752.263207
103.822572	1741.123472
105.574182	1729.983737
107.455574	1718.844002
109.562580	1707.704268
112.185402	1696.564533
115.154369	1685.424798
118.666785	1674.285063
123.288105	1663.145328
134.930040	1652.005594
147.256429	1663.145328
152.799498	1674.285063
157.176739	1685.424798
160.878680	1696.564533
164.624099	1707.704268
168.140554	1718.844002
171.383097	1729.983737
174.410007	1741.123472
177.454541	1752.263207
180.978978	1763.402942
184.339212	1774.542677
187.557984	1785.682411
190.707916	1796.822146
193.851014	1807.961881
196.890819	1819.101616
201.041730	1830.241351
205.181767	1841.381085
209.209809	1852.520820
213.135614	1863.660555
216.967645	1874.800290
220.713380	1885.940025
224.379327	1897.079760
228.152212	1908.219494
233.396693	1919.359229
238.615885	1930.498964
243.961876	1941.638699
249.216640	1952.778434
254.385623	1963.918168
259.473774	1975.057903
264.485606	1986.197638
269.425252	1997.337373
274.543438	2008.477108
281.467927	2019.616842
288.303811	2030.756577
295.054138	2041.896312
301.745001	2053.036047
308.370556	2064.175782
314.922280	2075.315517
321.403390	2086.455251
327.816893	2097.594986
334.166290	2108.734721
340.453610	2119.874456
348.821120	2131.014191
357.253374	2142.153925
365.608747	2153.293660
373.906176	2164.433395
382.141853	2175.573130
390.308467	2186.712865
398.408453	2197.852599
406.444112	2208.992334
Air-Gap Power = 0.9 Rated Power
89.766466	2208.992334
90.023089	2201.512097
90.285998	2194.031859
90.555321	2186.551622
90.831194	2179.071384
91.113761	2171.591146
91.403625	2164.110909
91.706673	2156.630671
92.032746	2149.150434
92.366251	2141.670196
92.713813	2134.189959
93.071463	2126.709721
93.437201	2119.229484
93.811273	2111.749246
94.193944	2104.269008
94.585497	2096.788771
94.986238	2089.308533
95.396496	2081.828296
95.816625	2074.348058
96.247010	2066.867821
96.688065	2059.387583
97.140244	2051.907345
97.604040	2044.427108
98.093284	2036.946870
98.617006	2029.466633
99.162791	2021.986395
99.731123	2014.506158
100.320707	2007.025920
100.929251	1999.545683
101.558173	1992.065445
102.206479	1984.585207
102.874828	1977.104970
103.564731	1969.624732
104.277916	1962.144495
105.094415	1954.664257
105.958133	1947.184020
106.891388	1939.703782
107.910597	1932.223544
108.994435	1924.743307
110.146757	1917.263069
111.366856	1909.782832
112.665120	1902.302594
114.035786	1894.822357
115.489565	1887.342119
117.053322	1879.861882
118.934273	1872.381644
121.044479	1864.901406
123.521296	1857.421169
126.476298	1849.940931
130.344990	1842.460694
140.083929	1834.980456
150.375383	1842.460694
154.741883	1849.940931
158.340418	1857.421169
161.456321	1864.901406
164.222577	1872.381644
166.746764	1879.861882
169.307924	1887.342119
171.843892	1894.822357
174.229228	1902.302594
176.493936	1909.782832
178.685704	1917.263069
180.783321	1924.743307
182.870691	1932.223544
185.415226	1939.703782
187.873169	1947.184020
190.253324	1954.664257
192.563128	1962.144495
194.808928	1969.624732
196.996192	1977.104970
199.129668	1984.585207
201.213515	1992.065445
203.590962	1999.545683
206.644085	2007.025920
209.637028	2014.506158
212.570823	2021.986395
215.449174	2029.466633
218.275428	2036.946870
221.052618	2044.427108
223.783505	2051.907345
226.470710	2059.387583
229.116448	2066.867821
231.722831	2074.348058
235.072549	2081.828296
238.856557	2089.308533
242.588987	2096.788771
246.272190	2104.269008
249.908356	2111.749246
253.499521	2119.229484
257.047587	2126.709721
260.686012	2134.189959
264.356212	2141.670196
267.985726	2149.150434
271.576118	2156.630671
275.128862	2164.110909
278.779063	2171.591146
283.801137	2179.071384
288.774544	2186.551622
293.700924	2194.031859
298.581439	2201.512097
303.420010	2208.992334
Air-Gap Power = 1 Rated Power
