Air-Gap Permeance at No Load
Electric Degree
(H/m^2)
0	1.26245e-05
1	1.281e-05
2	1.29956e-05
3	1.31811e-05
4	1.33666e-05
5	1.35521e-05
6	1.37377e-05
7	1.39232e-05
8	1.41087e-05
9	1.42942e-05
10	1.44798e-05
11	1.51039e-05
12	1.57667e-05
13	1.64296e-05
14	1.70924e-05
15	1.77552e-05
16	1.8418e-05
17	1.95272e-05
18	2.09255e-05
19	2.23238e-05
20	2.37221e-05
21	2.54253e-05
22	2.79074e-05
23	3.03894e-05
24	3.30797e-05
25	3.68132e-05
26	4.05468e-05
27	4.49679e-05
28	4.95432e-05
29	5.39856e-05
30	5.80604e-05
31	6.14996e-05
32	6.38068e-05
33	6.54756e-05
34	6.64458e-05
35	6.68455e-05
36	6.72452e-05
37	6.76448e-05
38	6.79642e-05
39	6.80083e-05
40	6.80524e-05
41	6.80964e-05
42	6.81359e-05
43	6.81422e-05
44	6.81485e-05
45	6.81548e-05
46	6.81609e-05
47	6.81633e-05
48	6.81656e-05
49	6.81679e-05
50	6.81701e-05
51	6.81719e-05
52	6.81737e-05
53	6.81754e-05
54	6.8177e-05
55	6.81786e-05
56	6.81802e-05
57	6.81817e-05
58	6.81831e-05
59	6.81846e-05
60	6.81859e-05
61	6.81873e-05
62	6.81886e-05
63	6.81898e-05
64	6.8191e-05
65	6.81921e-05
66	6.81932e-05
67	6.81943e-05
68	6.81953e-05
69	6.81963e-05
70	6.81972e-05
71	6.81981e-05
72	6.81989e-05
73	6.81997e-05
74	6.82005e-05
75	6.82012e-05
76	6.82018e-05
77	6.82025e-05
78	6.8203e-05
79	6.82035e-05
80	6.8204e-05
81	6.82045e-05
82	6.82048e-05
83	6.82052e-05
84	6.82055e-05
85	6.82057e-05
86	6.82059e-05
87	6.82061e-05
88	6.82062e-05
89	6.82063e-05
90	6.82063e-05
91	6.82063e-05
92	6.82062e-05
93	6.82061e-05
94	6.82059e-05
95	6.82057e-05
96	6.82055e-05
97	6.82052e-05
98	6.82048e-05
99	6.82045e-05
100	6.8204e-05
101	6.82035e-05
102	6.8203e-05
103	6.82025e-05
104	6.82018e-05
105	6.82012e-05
106	6.82005e-05
107	6.81997e-05
108	6.81989e-05
109	6.81981e-05
110	6.81972e-05
111	6.81963e-05
112	6.81953e-05
113	6.81943e-05
114	6.81932e-05
115	6.81921e-05
116	6.8191e-05
117	6.81898e-05
118	6.81886e-05
119	6.81873e-05
120	6.81859e-05
121	6.81846e-05
122	6.81831e-05
123	6.81817e-05
124	6.81802e-05
125	6.81786e-05
126	6.8177e-05
127	6.81754e-05
128	6.81737e-05
129	6.81719e-05
130	6.81701e-05
131	6.81679e-05
132	6.81656e-05
133	6.81633e-05
134	6.81609e-05
135	6.81548e-05
136	6.81485e-05
137	6.81422e-05
138	6.81359e-05
139	6.80964e-05
140	6.80524e-05
141	6.80083e-05
142	6.79642e-05
143	6.76448e-05
144	6.72452e-05
145	6.68455e-05
146	6.64458e-05
147	6.54756e-05
148	6.38068e-05
149	6.14996e-05
150	5.80604e-05
151	5.39856e-05
152	4.95432e-05
153	4.49679e-05
154	4.05468e-05
155	3.68132e-05
156	3.30797e-05
157	3.03894e-05
158	2.79074e-05
159	2.54253e-05
160	2.37221e-05
161	2.23238e-05
162	2.09255e-05
163	1.95272e-05
164	1.8418e-05
165	1.77552e-05
166	1.70924e-05
167	1.64296e-05
168	1.57667e-05
169	1.51039e-05
170	1.44798e-05
171	1.42942e-05
172	1.41087e-05
173	1.39232e-05
174	1.37377e-05
175	1.35521e-05
176	1.33666e-05
177	1.31811e-05
178	1.29956e-05
179	1.281e-05
180	1.26245e-05
181	1.281e-05
182	1.29956e-05
183	1.31811e-05
184	1.33666e-05
185	1.35521e-05
186	1.37377e-05
187	1.39232e-05
188	1.41087e-05
189	1.42942e-05
190	1.44798e-05
191	1.51039e-05
192	1.57667e-05
193	1.64296e-05
194	1.70924e-05
195	1.77552e-05
196	1.8418e-05
197	1.95272e-05
198	2.09255e-05
199	2.23238e-05
200	2.37221e-05
201	2.54253e-05
202	2.79074e-05
203	3.03894e-05
204	3.30797e-05
205	3.68132e-05
206	4.05468e-05
207	4.49679e-05
208	4.95432e-05
209	5.39856e-05
210	5.80604e-05
211	6.14996e-05
212	6.38068e-05
213	6.54756e-05
214	6.64458e-05
215	6.68455e-05
216	6.72452e-05
217	6.76448e-05
218	6.79642e-05
219	6.80083e-05
220	6.80524e-05
221	6.80964e-05
222	6.81359e-05
223	6.81422e-05
224	6.81485e-05
225	6.81548e-05
226	6.81609e-05
227	6.81633e-05
228	6.81656e-05
229	6.81679e-05
230	6.81701e-05
231	6.81719e-05
232	6.81737e-05
233	6.81754e-05
234	6.8177e-05
235	6.81786e-05
236	6.81802e-05
237	6.81817e-05
238	6.81831e-05
239	6.81846e-05
240	6.81859e-05
241	6.81873e-05
242	6.81886e-05
243	6.81898e-05
244	6.8191e-05
245	6.81921e-05
246	6.81932e-05
247	6.81943e-05
248	6.81953e-05
249	6.81963e-05
250	6.81972e-05
251	6.81981e-05
252	6.81989e-05
253	6.81997e-05
254	6.82005e-05
255	6.82012e-05
256	6.82018e-05
257	6.82025e-05
258	6.8203e-05
259	6.82035e-05
260	6.8204e-05
261	6.82045e-05
262	6.82048e-05
263	6.82052e-05
264	6.82055e-05
265	6.82057e-05
266	6.82059e-05
267	6.82061e-05
268	6.82062e-05
269	6.82063e-05
270	6.82063e-05
271	6.82063e-05
272	6.82062e-05
273	6.82061e-05
274	6.82059e-05
275	6.82057e-05
276	6.82055e-05
277	6.82052e-05
278	6.82048e-05
279	6.82045e-05
280	6.8204e-05
281	6.82035e-05
282	6.8203e-05
283	6.82025e-05
284	6.82018e-05
285	6.82012e-05
286	6.82005e-05
287	6.81997e-05
288	6.81989e-05
289	6.81981e-05
290	6.81972e-05
291	6.81963e-05
292	6.81953e-05
293	6.81943e-05
294	6.81932e-05
295	6.81921e-05
296	6.8191e-05
297	6.81898e-05
298	6.81886e-05
299	6.81873e-05
300	6.81859e-05
301	6.81846e-05
302	6.81831e-05
303	6.81817e-05
304	6.81802e-05
305	6.81786e-05
306	6.8177e-05
307	6.81754e-05
308	6.81737e-05
309	6.81719e-05
310	6.81701e-05
311	6.81679e-05
312	6.81656e-05
313	6.81633e-05
314	6.81609e-05
315	6.81548e-05
316	6.81485e-05
317	6.81422e-05
318	6.81359e-05
319	6.80964e-05
320	6.80524e-05
321	6.80083e-05
322	6.79642e-05
323	6.76448e-05
324	6.72452e-05
325	6.68455e-05
326	6.64458e-05
327	6.54756e-05
328	6.38068e-05
329	6.14996e-05
330	5.80604e-05
331	5.39856e-05
332	4.95432e-05
333	4.49679e-05
334	4.05468e-05
335	3.68132e-05
336	3.30797e-05
337	3.03894e-05
338	2.79074e-05
339	2.54253e-05
340	2.37221e-05
341	2.23238e-05
342	2.09255e-05
343	1.95272e-05
344	1.8418e-05
345	1.77552e-05
346	1.70924e-05
347	1.64296e-05
348	1.57667e-05
349	1.51039e-05
350	1.44798e-05
351	1.42942e-05
352	1.41087e-05
353	1.39232e-05
354	1.37377e-05
355	1.35521e-05
356	1.33666e-05
357	1.31811e-05
358	1.29956e-05
359	1.281e-05
360	1.26245e-05
Air-Gap Permeance