Induced Winding Voltages at No Load
Electric Degree
(Volts)
0	5415.127328
1	5586.783365
2	5767.099529
3	5948.262758
4	6119.596900
5	6292.718221
6	6451.936875
7	6624.618269
8	6785.147713
9	6948.261548
10	7114.618271
11	7271.417844
12	7432.267213
13	7582.559068
14	7741.444910
15	7900.430670
16	8049.569897
17	8199.986940
18	8334.928591
19	8482.810039
20	8616.433865
21	8752.310224
22	8888.754049
23	9013.664110
24	9140.677456
25	9253.121384
26	9370.681529
27	9483.915668
28	9582.229916
29	9676.373521
30	9750.139489
31	9827.446541
32	9886.950757
33	9942.460243
34	9995.170432
35	10034.957965
36	10071.014017
37	10095.639710
38	10117.788044
39	10136.555598
40	10146.112516
41	10153.332629
42	10158.584571
43	10163.639359
44	10166.739442
45	10167.697830
46	10168.378857
47	10169.036704
48	10169.527425
49	10169.725453
50	10169.885387
51	10170.037918
52	10170.171133
53	10170.265543
54	10170.349352
55	10170.426266
56	10170.495964
57	10170.555060
58	10170.607259
59	10170.652755
60	10170.691355
61	10170.723250
62	10170.748442
63	10170.766736
64	10170.778327
65	10170.783019
66	10170.781008
67	10170.772099
68	10170.756486
69	10170.734170
70	10170.704955
71	10170.669037
72	10170.626223
73	10170.576704
74	10170.520483
75	10170.457366
76	10170.383646
77	10170.302517
78	10170.210787
79	10170.111649
80	10169.974414
81	10169.817863
82	10169.622512
83	10169.403950
84	10168.907992
85	10168.238329
86	10167.282778
87	10166.129765
88	10163.008265
89	10157.886512
90	10150.668733
91	10141.244328
92	10131.428074
93	10112.117920
94	10089.580138
95	10054.065276
96	10013.509667
97	9967.752202
98	9911.178564
99	9856.369350
100	9782.924898
101	9705.309535
102	9610.770656
103	9510.414689
104	9412.933667
105	9299.608893
106	9188.387136
107	9061.571254
108	8934.803673
109	8810.288357
110	8670.667909
111	8542.550162
112	8398.530777
113	8255.632369
114	8102.887160
115	7949.132217
116	7803.777730
117	7647.689894
118	7495.651587
119	7334.054591
120	7175.240391
121	7018.853745
122	6850.348725
123	6695.307448
124	6526.345860
125	6359.171183
126	6182.184528
127	6006.043400
128	5838.528285
129	5661.043437
130	5487.624305
131	5304.649095
132	5124.902993
133	4947.155644
134	4757.226461
135	4580.016550
136	4388.875460
137	4199.015108
138	3997.776629
139	3796.863926
140	3602.505637
141	3397.861049
142	3194.641339
143	2979.908125
144	2766.730688
145	2551.709784
146	2321.311142
147	2099.399097
148	1860.443081
149	1619.314872
150	1363.994397
151	1101.802887
152	842.977011
153	577.094838
154	312.462488
155	47.884293
156	-216.206663
157	-473.971193
158	-744.174068
159	-1006.904130
160	-1264.299473
161	-1519.859442
162	-1756.372037
163	-1999.880376
164	-2227.439057
165	-2453.848465
166	-2681.813883
167	-2894.205941
168	-3107.632576
169	-3311.046557
170	-3520.167975
171	-3728.178604
172	-3924.394112
173	-4121.765451
174	-4305.205877
175	-4500.256460
176	-4682.932725
177	-4867.436345
178	-5055.169340
179	-5233.345253
180	-5415.127328
181	-5586.783365
182	-5767.099529
183	-5948.262758
184	-6119.596900
185	-6292.718221
186	-6451.936875
187	-6624.618269
188	-6785.147713
189	-6948.261548
190	-7114.618271
191	-7271.417844
192	-7432.267213
193	-7582.559068
194	-7741.444910
195	-7900.430670
196	-8049.569897
197	-8199.986940
198	-8334.928591
199	-8482.810039
200	-8616.433865
201	-8752.310224
202	-8888.754049
203	-9013.664110
204	-9140.677456
205	-9253.121384
206	-9370.681529
207	-9483.915668
208	-9582.229916
209	-9676.373521
210	-9750.139489
211	-9827.446541
212	-9886.950757
213	-9942.460243
214	-9995.170432
215	-10034.957965
216	-10071.014017
217	-10095.639710
218	-10117.788044
219	-10136.555598
220	-10146.112516
221	-10153.332629
222	-10158.584571
223	-10163.639359
224	-10166.739442
225	-10167.697830
226	-10168.378857
227	-10169.036704
228	-10169.527425
229	-10169.725453
230	-10169.885387
231	-10170.037918
232	-10170.171133
233	-10170.265543
234	-10170.349352
235	-10170.426266
236	-10170.495964
237	-10170.555060
238	-10170.607259
239	-10170.652755
240	-10170.691355
241	-10170.723250
242	-10170.748442
243	-10170.766736
244	-10170.778327
245	-10170.783019
246	-10170.781008
247	-10170.772099
248	-10170.756486
249	-10170.734170
250	-10170.704955
251	-10170.669037
252	-10170.626223
253	-10170.576704
254	-10170.520483
255	-10170.457366
256	-10170.383646
257	-10170.302517
258	-10170.210787
259	-10170.111649
260	-10169.974414
261	-10169.817863
262	-10169.622512
263	-10169.403950
264	-10168.907992
265	-10168.238329
266	-10167.282778
267	-10166.129765
268	-10163.008265
269	-10157.886512
270	-10150.668733
271	-10141.244328
272	-10131.428074
273	-10112.117920
274	-10089.580138
275	-10054.065276
276	-10013.509667
277	-9967.752202
278	-9911.178564
279	-9856.369350
280	-9782.924898
281	-9705.309535
282	-9610.770656
283	-9510.414689
284	-9412.933667
285	-9299.608893
286	-9188.387136
287	-9061.571254
288	-8934.803673
289	-8810.288357
290	-8670.667909
291	-8542.550162
292	-8398.530777
293	-8255.632369
294	-8102.887160
295	-7949.132217
296	-7803.777730
297	-7647.689894
298	-7495.651587
299	-7334.054591
300	-7175.240391
301	-7018.853745
302	-6850.348725
303	-6695.307448
304	-6526.345860
305	-6359.171183
306	-6182.184528
307	-6006.043400
308	-5838.528285
309	-5661.043437
310	-5487.624305
311	-5304.649095
312	-5124.902993
313	-4947.155644
314	-4757.226461
315	-4580.016550
316	-4388.875460
317	-4199.015108
318	-3997.776629
319	-3796.863926
320	-3602.505637
321	-3397.861049
322	-3194.641339
323	-2979.908125
324	-2766.730688
325	-2551.709784
326	-2321.311142
327	-2099.399097
328	-1860.443081
329	-1619.314872
330	-1363.994397
331	-1101.802887
332	-842.977011
333	-577.094838
334	-312.462488
335	-47.884293
336	216.206663
337	473.971193
338	744.174068
339	1006.904130
340	1264.299473
341	1519.859442
342	1756.372037
343	1999.880376
344	2227.439057
345	2453.848465
346	2681.813883
347	2894.205941
348	3107.632576
349	3311.046557
350	3520.167975
351	3728.178604
352	3924.394112
353	4121.765451
354	4305.205877
355	4500.256460
356	4682.932725
357	4867.436345
358	5055.169340
359	5233.345253
360	5415.127328
Phase Voltage
0	-1760.113064
1	-1432.070380
2	-1083.249196
3	-747.044690
4	-406.748960
5	-66.452962
6	269.752347
7	618.574869
8	946.619428
9	1287.218112
10	1626.993966
11	1966.768749
12	2307.364220
13	2635.403424
14	2984.218449
15	3320.414120
16	3660.694438
17	4000.971832
18	4337.151961
19	4685.946113
20	5013.928228
21	5354.449176
22	5694.112710
23	6033.755985
24	6373.946768
25	6701.411600
26	7049.370387
27	7384.516571
28	7721.786835
29	8057.058649
30	8386.145092
31	8725.643654
32	9043.973747
33	9365.365405
34	9682.707945
35	9987.073672
36	10287.220680
37	10569.610902
38	10861.962111
39	11143.459728
40	11410.411989
41	11673.192072
42	11914.956608
43	12163.519735
44	12394.178499
45	12621.546294
46	12850.192740
47	13063.242645
48	13277.160001
49	13480.772009
50	13690.053362
51	13898.216522
52	14094.565245
53	14292.030994
54	14475.555229
55	14670.682726
56	14853.428690
57	15037.991404
58	15225.776600
59	15403.998008
60	15585.818682
61	15757.506616
62	15937.847971
63	16119.029495
64	16290.375226
65	16463.501240
66	16622.717883
67	16795.390368
68	16955.904199
69	17118.995718
70	17285.323227
71	17442.086881
72	17602.893436
73	17753.135773
74	17911.965394
75	18070.888036
76	18219.953543
77	18370.289457
78	18505.139378
79	18652.921688
80	18786.408279
81	18922.128088
82	19058.376562
83	19183.068060
84	19309.585449
85	19421.359714
86	19537.964307
87	19650.045433
88	19745.238181
89	19834.260033
90	19900.808222
91	19968.690869
92	20018.378832
93	20054.578163
94	20084.750571
95	20089.023241
96	20084.523684
97	20063.391911
98	20028.966607
99	19992.924948
100	19929.037414
101	19858.642165
102	19769.355227
103	19674.054049
104	19579.673108
105	19467.306723
106	19356.765993
107	19230.607959
108	19104.331098
109	18980.013809
110	18840.553296
111	18712.588080
112	18568.701910
113	18425.897912
114	18273.236512
115	18119.558483
116	17974.273695
117	17818.244954
118	17666.258847
119	17504.707346
120	17345.931746
121	17189.576995
122	17021.097167
123	16866.074185
124	16697.124186
125	16529.954203
126	16352.965536
127	16176.815499
128	16009.284771
129	15831.777606
130	15658.329261
131	15475.318132
132	15295.529215
133	15117.732349
134	14927.746944
135	14750.473916
136	14559.259106
137	14369.317625
138	14167.987417
139	13966.975575
140	13772.480052
141	13567.678912
142	13364.263851
143	13149.312075
144	12935.638680
145	12719.948114
146	12488.593920
147	12265.528862
148	12023.451346
149	11777.201384
150	11514.663131
151	11243.047214
152	10974.405085
153	10689.212758
154	10402.042626
155	10101.949569
156	9797.303004
157	9493.781009
158	9167.004496
159	8849.465220
160	8518.625426
161	8185.450093
162	7854.398619
163	7510.534314
164	7185.494609
165	6845.760428
166	6506.573253
167	6167.365313
168	5827.171097
169	5499.241800
170	5150.499934
171	4814.371558
172	4474.136665
173	4133.866918
174	3797.681283
175	3448.875757
176	3120.845005
177	2780.253550
178	2440.482247
179	2100.709338
180	1760.113064
181	1432.070380
182	1083.249196
183	747.044690
184	406.748960
185	66.452962
186	-269.752347
187	-618.574869
188	-946.619428
189	-1287.218112
190	-1626.993966
191	-1966.768749
192	-2307.364220
193	-2635.403424
194	-2984.218449
195	-3320.414120
196	-3660.694438
197	-4000.971832
198	-4337.151961
199	-4685.946113
200	-5013.928228
201	-5354.449176
202	-5694.112710
203	-6033.755985
204	-6373.946768
205	-6701.411600
206	-7049.370387
207	-7384.516571
208	-7721.786835
209	-8057.058649
210	-8386.145092
211	-8725.643654
212	-9043.973747
213	-9365.365405
214	-9682.707945
215	-9987.073672
216	-10287.220680
217	-10569.610902
218	-10861.962111
219	-11143.459728
220	-11410.411989
221	-11673.192072
222	-11914.956608
223	-12163.519735
224	-12394.178499
225	-12621.546294
226	-12850.192740
227	-13063.242645
228	-13277.160001
229	-13480.772009
230	-13690.053362
231	-13898.216522
232	-14094.565245
233	-14292.030994
234	-14475.555229
235	-14670.682726
236	-14853.428690
237	-15037.991404
238	-15225.776600
239	-15403.998008
240	-15585.818682
241	-15757.506616
242	-15937.847971
243	-16119.029495
244	-16290.375226
245	-16463.501240
246	-16622.717883
247	-16795.390368
248	-16955.904199
249	-17118.995718
250	-17285.323227
251	-17442.086881
252	-17602.893436
253	-17753.135773
254	-17911.965394
255	-18070.888036
256	-18219.953543
257	-18370.289457
258	-18505.139378
259	-18652.921688
260	-18786.408279
261	-18922.128088
262	-19058.376562
263	-19183.068060
264	-19309.585449
265	-19421.359714
266	-19537.964307
267	-19650.045433
268	-19745.238181
269	-19834.260033
270	-19900.808222
271	-19968.690869
272	-20018.378832
273	-20054.578163
274	-20084.750571
275	-20089.023241
276	-20084.523684
277	-20063.391911
278	-20028.966607
279	-19992.924948
280	-19929.037414
281	-19858.642165
282	-19769.355227
283	-19674.054049
284	-19579.673108
285	-19467.306723
286	-19356.765993
287	-19230.607959
288	-19104.331098
289	-18980.013809
290	-18840.553296
291	-18712.588080
292	-18568.701910
293	-18425.897912
294	-18273.236512
295	-18119.558483
296	-17974.273695
297	-17818.244954
298	-17666.258847
299	-17504.707346
300	-17345.931746
301	-17189.576995
302	-17021.097167
303	-16866.074185
304	-16697.124186
305	-16529.954203
306	-16352.965536
307	-16176.815499
308	-16009.284771
309	-15831.777606
310	-15658.329261
311	-15475.318132
312	-15295.529215
313	-15117.732349
314	-14927.746944
315	-14750.473916
316	-14559.259106
317	-14369.317625
318	-14167.987417
319	-13966.975575
320	-13772.480052
321	-13567.678912
322	-13364.263851
323	-13149.312075
324	-12935.638680
325	-12719.948114
326	-12488.593920
327	-12265.528862
328	-12023.451346
329	-11777.201384
330	-11514.663131
331	-11243.047214
332	-10974.405085
333	-10689.212758
334	-10402.042626
335	-10101.949569
336	-9797.303004
337	-9493.781009
338	-9167.004496
339	-8849.465220
340	-8518.625426
341	-8185.450093
342	-7854.398619
343	-7510.534314
344	-7185.494609
345	-6845.760428
346	-6506.573253
347	-6167.365313
348	-5827.171097
349	-5499.241800
350	-5150.499934
351	-4814.371558
352	-4474.136665
353	-4133.866918
354	-3797.681283
355	-3448.875757
356	-3120.845005
357	-2780.253550
358	-2440.482247
359	-2100.709338
360	-1760.113064
Line Voltage
