Induced Winding Voltages at Rated Speed
Electric Degree
(Volts)
0	-18.624364
1	-16.612622
2	-14.577553
3	-12.522173
4	-10.450721
5	-8.368038
6	-6.278725
7	-4.186385
8	-2.093200
9	0.000000
10	2.093200
11	4.186385
12	6.278725
13	8.368038
14	10.450721
15	12.522173
16	14.577553
17	16.612622
18	18.624364
19	20.611210
20	22.572826
21	24.509648
22	26.422397
23	28.311837
24	30.178852
25	32.024766
26	33.851682
27	35.662603
28	37.461198
29	39.251251
30	41.035999
31	42.817593
32	44.596898
33	46.373680
34	48.147036
35	49.915867
36	51.679161
37	53.436006
38	55.185406
39	56.926095
40	58.656545
41	60.375230
42	62.081081
43	63.773889
44	65.454465
45	67.124393
46	68.785466
47	70.438973
48	72.085122
49	73.722781
50	75.349603
51	76.962402
52	78.557559
53	80.131250
54	81.679407
55	83.197503
56	84.680356
57	86.122161
58	87.516850
59	88.858680
60	90.142868
61	91.366021
62	92.526210
63	93.622691
64	94.655417
65	95.624535
66	96.530071
67	97.371888
68	98.149896
69	98.864393
70	99.511728
71	100.098520
72	100.627673
73	101.102920
74	101.528584
75	101.909300
76	102.249755
77	102.554481
78	102.827707
79	103.063920
80	103.275863
81	103.466500
82	103.638392
83	103.793737
84	103.934405
85	104.061987
86	104.177833
87	104.273729
88	104.359973
89	104.437357
90	104.506554
91	104.568128
92	104.622556
93	104.670236
94	104.711502
95	104.746628
96	104.766481
97	104.780560
98	104.788967
99	104.791763
100	104.788967
101	104.780560
102	104.766481
103	104.746628
104	104.711502
105	104.670236
106	104.622556
107	104.568128
108	104.506554
109	104.437357
110	104.359973
111	104.273729
112	104.177833
113	104.061987
114	103.934405
115	103.793737
116	103.638392
117	103.466500
118	103.275863
119	103.063920
120	102.827707
121	102.554481
122	102.249755
123	101.909300
124	101.528584
125	101.102920
126	100.627673
127	100.098520
128	99.511728
129	98.864393
130	98.149896
131	97.371888
132	96.530071
133	95.624535
134	94.655417
135	93.622691
136	92.526210
137	91.366021
138	90.142868
139	88.858680
140	87.516850
141	86.122161
142	84.680356
143	83.197503
144	81.679407
145	80.131250
146	78.557559
147	76.962402
148	75.349603
149	73.722781
150	72.085122
151	70.438973
152	68.785466
153	67.124393
154	65.454465
155	63.773889
156	62.081081
157	60.375230
158	58.656545
159	56.926095
160	55.185406
161	53.436006
162	51.679161
163	49.915867
164	48.147036
165	46.373680
166	44.596898
167	42.817593
168	41.035999
169	39.251251
170	37.461198
171	35.662603
172	33.851682
173	32.024766
174	30.178852
175	28.311837
176	26.422397
177	24.509648
178	22.572826
179	20.611210
180	18.624364
181	16.612622
182	14.577553
183	12.522173
184	10.450721
185	8.368038
186	6.278725
187	4.186385
188	2.093200
189	-0.000000
190	-2.093200
191	-4.186385
192	-6.278725
193	-8.368038
194	-10.450721
195	-12.522173
196	-14.577553
197	-16.612622
198	-18.624364
199	-20.611210
200	-22.572826
201	-24.509648
202	-26.422397
203	-28.311837
204	-30.178852
205	-32.024766
206	-33.851682
207	-35.662603
208	-37.461198
209	-39.251251
210	-41.035999
211	-42.817593
212	-44.596898
213	-46.373680
214	-48.147036
215	-49.915867
216	-51.679161
217	-53.436006
218	-55.185406
219	-56.926095
220	-58.656545
221	-60.375230
222	-62.081081
223	-63.773889
224	-65.454465
225	-67.124393
226	-68.785466
227	-70.438973
228	-72.085122
229	-73.722781
230	-75.349603
231	-76.962402
232	-78.557559
233	-80.131250
234	-81.679407
235	-83.197503
236	-84.680356
237	-86.122161
238	-87.516850
239	-88.858680
240	-90.142868
241	-91.366021
242	-92.526210
243	-93.622691
244	-94.655417
245	-95.624535
246	-96.530071
247	-97.371888
248	-98.149896
249	-98.864393
250	-99.511728
251	-100.098520
252	-100.627673
253	-101.102920
254	-101.528584
255	-101.909300
256	-102.249755
257	-102.554481
258	-102.827707
259	-103.063920
260	-103.275863
261	-103.466500
262	-103.638392
263	-103.793737
264	-103.934405
265	-104.061987
266	-104.177833
267	-104.273729
268	-104.359973
269	-104.437357
270	-104.506554
271	-104.568128
272	-104.622556
273	-104.670236
274	-104.711502
275	-104.746628
276	-104.766481
277	-104.780560
278	-104.788967
279	-104.791763
280	-104.788967
281	-104.780560
282	-104.766481
283	-104.746628
284	-104.711502
285	-104.670236
286	-104.622556
287	-104.568128
288	-104.506554
289	-104.437357
290	-104.359973
291	-104.273729
292	-104.177833
293	-104.061987
294	-103.934405
295	-103.793737
296	-103.638392
297	-103.466500
298	-103.275863
299	-103.063920
300	-102.827707
301	-102.554481
302	-102.249755
303	-101.909300
304	-101.528584
305	-101.102920
306	-100.627673
307	-100.098520
308	-99.511728
309	-98.864393
310	-98.149896
311	-97.371888
312	-96.530071
313	-95.624535
314	-94.655417
315	-93.622691
316	-92.526210
317	-91.366021
318	-90.142868
319	-88.858680
320	-87.516850
321	-86.122161
322	-84.680356
323	-83.197503
324	-81.679407
325	-80.131250
326	-78.557559
327	-76.962402
328	-75.349603
329	-73.722781
330	-72.085122
331	-70.438973
332	-68.785466
333	-67.124393
334	-65.454465
335	-63.773889
336	-62.081081
337	-60.375230
338	-58.656545
339	-56.926095
340	-55.185406
341	-53.436006
342	-51.679161
343	-49.915867
344	-48.147036
345	-46.373680
346	-44.596898
347	-42.817593
348	-41.035999
349	-39.251251
350	-37.461198
351	-35.662603
352	-33.851682
353	-32.024766
354	-30.178852
355	-28.311837
356	-26.422397
357	-24.509648
358	-22.572826
359	-20.611210
360	-18.624364
Phase Voltage ea
0	71.518504
1	74.753399
2	77.948657
3	81.100518
4	84.204695
5	87.256497
6	90.251346
7	93.185503
8	96.056696
9	98.864393
10	101.604928
11	104.284905
12	106.906398
13	109.470958
14	111.979306
15	114.431473
16	116.827308
17	119.167103
18	121.452071
19	123.675130
20	125.848689
21	127.976148
22	130.060789
23	132.105574
24	134.113257
25	136.086753
26	138.029515
27	139.936332
28	141.821170
29	143.688609
30	145.542554
31	147.385721
32	149.219454
33	151.043916
34	152.858538
35	154.662495
36	156.445642
37	158.216566
38	159.974373
39	161.717858
40	163.445512
41	165.155790
42	166.847561
43	168.520518
44	170.165967
45	171.794629
46	173.408022
47	175.007101
48	176.591676
49	178.160139
50	179.709576
51	181.236131
52	182.735392
53	184.193237
54	185.613812
55	186.991240
56	188.318748
57	189.588661
58	190.792713
59	191.922600
60	192.970575
61	193.920502
62	194.775965
63	195.531991
64	196.184001
65	196.727455
66	197.157744
67	197.470408
68	197.661624
69	197.728787
70	197.661624
71	197.470408
72	197.157744
73	196.727455
74	196.184001
75	195.531991
76	194.775965
77	193.920502
78	192.970575
79	191.922600
80	190.792713
81	189.588661
82	188.318748
83	186.991240
84	185.613812
85	184.193237
86	182.735392
87	181.236131
88	179.709576
89	178.160139
90	176.591676
91	175.007101
92	173.408022
93	171.794629
94	170.165967
95	168.520518
96	166.847561
97	165.155790
98	163.445512
99	161.717858
100	159.974373
101	158.216566
102	156.445642
103	154.662495
104	152.858538
105	151.043916
106	149.219454
107	147.385721
108	145.542554
109	143.688609
110	141.821170
111	139.936332
112	138.029515
113	136.086753
114	134.113257
115	132.105574
116	130.060789
117	127.976148
118	125.848689
119	123.675130
120	121.452071
121	119.167103
122	116.827308
123	114.431473
124	111.979306
125	109.470958
126	106.906398
127	104.284905
128	101.604928
129	98.864393
130	96.056696
131	93.185503
132	90.251346
133	87.256497
134	84.204695
135	81.100518
136	77.948657
137	74.753399
138	71.518504
139	68.247470
140	64.944024
141	61.612514
142	58.257959
143	54.885666
144	51.500555
145	48.106484
146	44.705877
147	41.299799
148	37.888406
149	34.471530
150	31.049123
151	27.621380
152	24.188567
153	20.750713
154	17.307429
155	13.858023
156	10.401919
157	6.939224
158	3.471139
159	-0.000000
160	-3.471139
161	-6.939224
162	-10.401919
163	-13.858023
164	-17.307429
165	-20.750713
166	-24.188567
167	-27.621380
168	-31.049123
169	-34.471530
170	-37.888406
171	-41.299799
172	-44.705877
173	-48.106484
174	-51.500555
175	-54.885666
176	-58.257959
177	-61.612514
178	-64.944024
179	-68.247470
180	-71.518504
181	-74.753399
182	-77.948657
183	-81.100518
184	-84.204695
185	-87.256497
186	-90.251346
187	-93.185503
188	-96.056696
189	-98.864393
190	-101.604928
191	-104.284905
192	-106.906398
193	-109.470958
194	-111.979306
195	-114.431473
196	-116.827308
197	-119.167103
198	-121.452071
199	-123.675130
200	-125.848689
201	-127.976148
202	-130.060789
203	-132.105574
204	-134.113257
205	-136.086753
206	-138.029515
207	-139.936332
208	-141.821170
209	-143.688609
210	-145.542554
211	-147.385721
212	-149.219454
213	-151.043916
214	-152.858538
215	-154.662495
216	-156.445642
217	-158.216566
218	-159.974373
219	-161.717858
220	-163.445512
221	-165.155790
222	-166.847561
223	-168.520518
224	-170.165967
225	-171.794629
226	-173.408022
227	-175.007101
228	-176.591676
229	-178.160139
230	-179.709576
231	-181.236131
232	-182.735392
233	-184.193237
234	-185.613812
235	-186.991240
236	-188.318748
237	-189.588661
238	-190.792713
239	-191.922600
240	-192.970575
241	-193.920502
242	-194.775965
243	-195.531991
244	-196.184001
245	-196.727455
246	-197.157744
247	-197.470408
248	-197.661624
249	-197.728787
250	-197.661624
251	-197.470408
252	-197.157744
253	-196.727455
254	-196.184001
255	-195.531991
256	-194.775965
257	-193.920502
258	-192.970575
259	-191.922600
260	-190.792713
261	-189.588661
262	-188.318748
263	-186.991240
264	-185.613812
265	-184.193237
266	-182.735392
267	-181.236131
268	-179.709576
269	-178.160139
270	-176.591676
271	-175.007101
272	-173.408022
273	-171.794629
274	-170.165967
275	-168.520518
276	-166.847561
277	-165.155790
278	-163.445512
279	-161.717858
280	-159.974373
281	-158.216566
282	-156.445642
283	-154.662495
284	-152.858538
285	-151.043916
286	-149.219454
287	-147.385721
288	-145.542554
289	-143.688609
290	-141.821170
291	-139.936332
292	-138.029515
293	-136.086753
294	-134.113257
295	-132.105574
296	-130.060789
297	-127.976148
298	-125.848689
299	-123.675130
300	-121.452071
301	-119.167103
302	-116.827308
303	-114.431473
304	-111.979306
305	-109.470958
306	-106.906398
307	-104.284905
308	-101.604928
309	-98.864393
310	-96.056696
311	-93.185503
312	-90.251346
313	-87.256497
314	-84.204695
315	-81.100518
316	-77.948657
317	-74.753399
318	-71.518504
319	-68.247470
320	-64.944024
321	-61.612514
322	-58.257959
323	-54.885666
324	-51.500555
325	-48.106484
326	-44.705877
327	-41.299799
328	-37.888406
329	-34.471530
330	-31.049123
331	-27.621380
332	-24.188567
333	-20.750713
334	-17.307429
335	-13.858023
336	-10.401919
337	-6.939224
338	-3.471139
339	0.000000
340	3.471139
341	6.939224
342	10.401919
343	13.858023
344	17.307429
345	20.750713
346	24.188567
347	27.621380
348	31.049123
349	34.471530
350	37.888406
351	41.299799
352	44.705877
353	48.106484
354	51.500555
355	54.885666
356	58.257959
357	61.612514
358	64.944024
359	68.247470
360	71.518504
Line Voltage eab
