Winding Voltages under Load 
Electric Degree
(Volts)
0	2.00855
1	3.96959
2	5.91072
3	7.83225
4	9.73497
5	11.6199
6	13.4881
7	15.3406
8	17.1794
9	19.0078
10	20.8249
11	22.6324
12	24.4314
13	26.2227
14	28.0059
15	29.7803
16	31.5443
17	33.297
18	35.0389
19	36.7664
20	38.4788
21	40.1754
22	41.8557
23	43.5193
24	45.1657
25	46.7955
26	48.4106
27	50.0092
28	51.5915
29	53.158
30	54.7083
31	56.2412
32	57.7548
33	59.2466
34	60.7146
35	62.1582
36	63.5723
37	64.9549
38	66.3039
39	67.6171
40	68.8928
41	70.1292
42	71.3261
43	72.4852
44	73.6049
45	74.6871
46	75.7345
47	76.7498
48	77.7357
49	78.6942
50	79.6268
51	80.5345
52	81.4177
53	82.2774
54	83.1145
55	83.9309
56	84.7289
57	85.5113
58	86.281
59	87.0404
60	87.7906
61	88.5304
62	89.2619
63	89.984
64	90.6951
65	91.3935
66	92.0772
67	92.7443
68	93.3923
69	94.0171
70	94.6186
71	95.1947
72	95.7433
73	96.2631
74	96.7535
75	97.2149
76	97.6479
77	98.0529
78	98.4287
79	98.7782
80	99.1015
81	99.3987
82	99.6697
83	99.9143
84	100.132
85	100.323
86	100.483
87	100.615
88	100.716
89	100.788
90	100.828
91	100.839
92	100.821
93	100.777
94	100.707
95	100.613
96	100.499
97	100.366
98	100.217
99	100.052
100	99.8744
101	99.6843
102	99.482
103	99.2655
104	99.0361
105	98.7915
106	98.529
107	98.2454
108	97.9379
109	97.6043
110	97.243
111	96.8527
112	96.4327
113	95.9822
114	95.4999
115	94.984
116	94.4319
117	93.8408
118	93.2079
119	92.5305
120	91.8077
121	91.0406
122	90.227
123	89.3682
124	88.4657
125	87.5214
126	86.5373
127	85.5153
128	84.4581
129	83.3701
130	82.2512
131	81.1039
132	79.9304
133	78.7321
134	77.5099
135	76.2637
136	74.993
137	73.6978
138	72.3795
139	71.0354
140	69.6657
141	68.2707
142	66.851
143	65.4068
144	63.9389
145	62.4485
146	60.9388
147	59.4086
148	57.8594
149	56.2925
150	54.7083
151	53.1068
152	51.4869
153	49.8471
154	48.1865
155	46.5052
156	44.7992
157	43.0674
158	41.3086
159	39.5218
160	37.7059
161	35.8603
162	33.9855
163	32.0843
164	30.1561
165	28.2037
166	26.2305
167	24.2404
168	22.2368
169	20.2227
170	18.2006
171	16.1722
172	14.139
173	12.1027
174	10.0653
175	8.02939
176	5.9982
177	3.97541
178	1.96471
179	-0.0305677
180	-2.00855
181	-3.96959
182	-5.91072
183	-7.83225
184	-9.73497
185	-11.6199
186	-13.4881
187	-15.3406
188	-17.1794
189	-19.0078
190	-20.8249
191	-22.6324
192	-24.4314
193	-26.2227
194	-28.0059
195	-29.7803
196	-31.5443
197	-33.297
198	-35.0389
199	-36.7664
200	-38.4788
201	-40.1754
202	-41.8557
203	-43.5193
204	-45.1657
205	-46.7955
206	-48.4106
207	-50.0092
208	-51.5915
209	-53.158
210	-54.7083
211	-56.2412
212	-57.7548
213	-59.2466
214	-60.7146
215	-62.1582
216	-63.5723
217	-64.9549
218	-66.3039
219	-67.6171
220	-68.8928
221	-70.1292
222	-71.3261
223	-72.4852
224	-73.6049
225	-74.6871
226	-75.7345
227	-76.7498
228	-77.7357
229	-78.6942
230	-79.6268
231	-80.5345
232	-81.4177
233	-82.2774
234	-83.1145
235	-83.9309
236	-84.7289
237	-85.5113
238	-86.281
239	-87.0404
240	-87.7906
241	-88.5304
242	-89.2619
243	-89.984
244	-90.6951
245	-91.3935
246	-92.0772
247	-92.7443
248	-93.3923
249	-94.0171
250	-94.6186
251	-95.1947
252	-95.7433
253	-96.2631
254	-96.7535
255	-97.2149
256	-97.6479
257	-98.0529
258	-98.4287
259	-98.7782
260	-99.1015
261	-99.3987
262	-99.6697
263	-99.9143
264	-100.132
265	-100.323
266	-100.483
267	-100.615
268	-100.716
269	-100.788
270	-100.828
271	-100.839
272	-100.821
273	-100.777
274	-100.707
275	-100.613
276	-100.499
277	-100.366
278	-100.217
279	-100.052
280	-99.8744
281	-99.6843
282	-99.482
283	-99.2655
284	-99.0361
285	-98.7915
286	-98.529
287	-98.2454
288	-97.9379
289	-97.6043
290	-97.243
291	-96.8527
292	-96.4327
293	-95.9822
294	-95.4999
295	-94.984
296	-94.4319
297	-93.8408
298	-93.2079
299	-92.5305
300	-91.8077
301	-91.0406
302	-90.227
303	-89.3682
304	-88.4657
305	-87.5214
306	-86.5373
307	-85.5153
308	-84.4581
309	-83.3701
310	-82.2512
311	-81.1039
312	-79.9304
313	-78.7321
314	-77.5099
315	-76.2637
316	-74.993
317	-73.6978
318	-72.3795
319	-71.0354
320	-69.6657
321	-68.2707
322	-66.851
323	-65.4068
324	-63.9389
325	-62.4485
326	-60.9388
327	-59.4086
328	-57.8594
329	-56.2925
330	-54.7083
331	-53.1068
332	-51.4869
333	-49.8471
334	-48.1865
335	-46.5052
336	-44.7992
337	-43.0674
338	-41.3086
339	-39.5218
340	-37.7059
341	-35.8603
342	-33.9855
343	-32.0843
344	-30.1561
345	-28.2037
346	-26.2305
347	-24.2404
348	-22.2368
349	-20.2227
350	-18.2006
351	-16.1722
352	-14.139
353	-12.1027
354	-10.0653
355	-8.02939
356	-5.9982
357	-3.97541
358	-1.96471
359	0.0305676
360	2.00855
Phase Voltage va
0	89.7991
1	92.5
2	95.1726
3	97.8162
4	100.43
5	103.013
6	105.565
7	108.085
8	110.572
9	113.025
10	115.444
11	117.827
12	120.175
13	122.486
14	124.759
15	126.995
16	129.192
17	131.35
18	133.468
19	135.545
20	137.58
21	139.574
22	141.525
23	143.434
24	145.298
25	147.118
26	148.894
27	150.624
28	152.308
29	153.946
30	155.537
31	157.08
32	158.576
33	160.023
34	161.422
35	162.771
36	164.071
37	165.321
38	166.521
39	167.669
40	168.767
41	169.814
42	170.808
43	171.751
44	172.641
45	173.479
46	174.263
47	174.995
48	175.674
49	176.299
50	176.87
51	177.387
52	177.85
53	178.26
54	178.614
55	178.915
56	179.161
57	179.352
58	179.489
59	179.571
60	179.598
61	179.571
62	179.489
63	179.352
64	179.161
65	178.915
66	178.614
67	178.26
68	177.85
69	177.387
70	176.87
71	176.299
72	175.674
73	174.995
74	174.263
75	173.479
76	172.641
77	171.751
78	170.808
79	169.814
80	168.767
81	167.669
82	166.521
83	165.321
84	164.071
85	162.771
86	161.422
87	160.023
88	158.576
89	157.08
90	155.537
91	153.946
92	152.308
93	150.624
94	148.894
95	147.118
96	145.298
97	143.434
98	141.525
99	139.574
100	137.58
101	135.545
102	133.468
103	131.35
104	129.192
105	126.995
106	124.759
107	122.486
108	120.175
109	117.827
110	115.444
111	113.025
112	110.572
113	108.085
114	105.565
115	103.013
116	100.43
117	97.8162
118	95.1726
119	92.5
120	89.7991
121	87.071
122	84.3163
123	81.5359
124	78.7307
125	75.9015
126	73.0492
127	70.1746
128	67.2787
129	64.3623
130	61.4262
131	58.4715
132	55.4989
133	52.5095
134	49.504
135	46.4835
136	43.4488
137	40.4008
138	37.3406
139	34.269
140	31.1869
141	28.0954
142	24.9953
143	21.8875
144	18.7731
145	15.653
146	12.5281
147	9.39945
148	6.26789
149	3.13442
150	8.52651e-14
151	-3.13442
152	-6.26789
153	-9.39945
154	-12.5281
155	-15.653
156	-18.7731
157	-21.8875
158	-24.9953
159	-28.0954
160	-31.1869
161	-34.269
162	-37.3406
163	-40.4008
164	-43.4488
165	-46.4835
166	-49.504
167	-52.5095
168	-55.4989
169	-58.4715
170	-61.4262
171	-64.3623
172	-67.2787
173	-70.1746
174	-73.0492
175	-75.9015
176	-78.7307
177	-81.5359
178	-84.3163
179	-87.071
180	-89.7991
181	-92.5
182	-95.1726
183	-97.8162
184	-100.43
185	-103.013
186	-105.565
187	-108.085
188	-110.572
189	-113.025
190	-115.444
191	-117.827
192	-120.175
193	-122.486
194	-124.759
195	-126.995
196	-129.192
197	-131.35
198	-133.468
199	-135.545
200	-137.58
201	-139.574
202	-141.525
203	-143.434
204	-145.298
205	-147.118
206	-148.894
207	-150.624
208	-152.308
209	-153.946
210	-155.537
211	-157.08
212	-158.576
213	-160.023
214	-161.422
215	-162.771
216	-164.071
217	-165.321
218	-166.521
219	-167.669
220	-168.767
221	-169.814
222	-170.808
223	-171.751
224	-172.641
225	-173.479
226	-174.263
227	-174.995
228	-175.674
229	-176.299
230	-176.87
231	-177.387
232	-177.85
233	-178.26
234	-178.614
235	-178.915
236	-179.161
237	-179.352
238	-179.489
239	-179.571
240	-179.598
241	-179.571
242	-179.489
243	-179.352
244	-179.161
245	-178.915
246	-178.614
247	-178.26
248	-177.85
249	-177.387
250	-176.87
251	-176.299
252	-175.674
253	-174.995
254	-174.263
255	-173.479
256	-172.641
257	-171.751
258	-170.808
259	-169.814
260	-168.767
261	-167.669
262	-166.521
263	-165.321
264	-164.071
265	-162.771
266	-161.422
267	-160.023
268	-158.576
269	-157.08
270	-155.537
271	-153.946
272	-152.308
273	-150.624
274	-148.894
275	-147.118
276	-145.298
277	-143.434
278	-141.525
279	-139.574
280	-137.58
281	-135.545
282	-133.468
283	-131.35
284	-129.192
285	-126.995
286	-124.759
287	-122.486
288	-120.175
289	-117.827
290	-115.444
291	-113.025
292	-110.572
293	-108.085
294	-105.565
295	-103.013
296	-100.43
297	-97.8162
298	-95.1726
299	-92.5
300	-89.7991
301	-87.071
302	-84.3163
303	-81.5359
304	-78.7307
305	-75.9015
306	-73.0492
307	-70.1746
308	-67.2787
309	-64.3623
310	-61.4262
311	-58.4715
312	-55.4989
313	-52.5095
314	-49.504
315	-46.4835
316	-43.4488
317	-40.4008
318	-37.3406
319	-34.269
320	-31.1869
321	-28.0954
322	-24.9953
323	-21.8875
324	-18.7731
325	-15.653
326	-12.5281
327	-9.39945
328	-6.26789
329	-3.13442
330	-1.27898e-13
331	3.13442
332	6.26789
333	9.39945
334	12.5281
335	15.653
336	18.7731
337	21.8875
338	24.9953
339	28.0954
340	31.1869
341	34.269
342	37.3406
343	40.4008
344	43.4488
345	46.4835
346	49.504
347	52.5095
348	55.4989
349	58.4715
350	61.4262
351	64.3623
352	67.2787
353	70.1746
354	73.0492
355	75.9015
356	78.7307
357	81.5359
358	84.3163
359	87.071
360	89.7991
Line Voltage vab
