Winding Currents under Load 
Electric Degree
(Amperes)
0	-0.506516
1	-0.445068
2	-0.383694
3	-0.322449
4	-0.261351
5	-0.200418
6	-0.139669
7	-0.0791207
8	-0.0187898
9	0.0413072
10	0.10117
11	0.160805
12	0.220226
13	0.27945
14	0.338497
15	0.39739
16	0.456153
17	0.51481
18	0.573378
19	0.631886
20	0.690359
21	0.748822
22	0.807296
23	0.865797
24	0.92434
25	0.982938
26	1.0416
27	1.10035
28	1.15922
29	1.21823
30	1.27741
31	1.3368
32	1.39642
33	1.4563
34	1.51644
35	1.57687
36	1.6376
37	1.69861
38	1.75991
39	1.82146
40	1.88324
41	1.94519
42	2.00723
43	2.0693
44	2.1313
45	2.19315
46	2.25474
47	2.31596
48	2.37669
49	2.4368
50	2.49617
51	2.55465
52	2.6121
53	2.6684
54	2.72342
55	2.77706
56	2.82921
57	2.87978
58	2.92867
59	2.97581
60	3.0211
61	3.06448
62	3.1059
63	3.14531
64	3.18269
65	3.21805
66	3.25138
67	3.28271
68	3.31205
69	3.33944
70	3.36493
71	3.38857
72	3.41046
73	3.43065
74	3.44924
75	3.46631
76	3.48195
77	3.49622
78	3.50919
79	3.52093
80	3.53152
81	3.54104
82	3.54955
83	3.55714
84	3.56389
85	3.56986
86	3.57512
87	3.57975
88	3.58384
89	3.58746
90	3.59071
91	3.59366
92	3.59639
93	3.59896
94	3.60142
95	3.60378
96	3.60609
97	3.60836
98	3.61059
99	3.61277
100	3.6149
101	3.61693
102	3.61881
103	3.62047
104	3.62184
105	3.62284
106	3.62339
107	3.62341
108	3.6228
109	3.62147
110	3.61931
111	3.6162
112	3.61201
113	3.60664
114	3.59997
115	3.5919
116	3.58233
117	3.57119
118	3.55839
119	3.54388
120	3.5276
121	3.5095
122	3.48954
123	3.4677
124	3.44399
125	3.41841
126	3.391
127	3.36178
128	3.33079
129	3.29808
130	3.26371
131	3.22772
132	3.19018
133	3.15115
134	3.11069
135	3.06887
136	3.02574
137	2.98136
138	2.93576
139	2.88899
140	2.84111
141	2.79216
142	2.74221
143	2.6913
144	2.6395
145	2.58687
146	2.53347
147	2.47935
148	2.42457
149	2.36918
150	2.31324
151	2.25681
152	2.19992
153	2.14261
154	2.08492
155	2.02686
156	1.96845
157	1.9097
158	1.85063
159	1.79126
160	1.73161
161	1.6717
162	1.61153
163	1.55112
164	1.49049
165	1.42964
166	1.36861
167	1.30741
168	1.24607
169	1.18462
170	1.12309
171	1.0615
172	0.999864
173	0.938194
174	0.8765
175	0.81479
176	0.753073
177	0.691362
178	0.629676
179	0.568032
180	0.506454
181	0.444969
182	0.383595
183	0.32235
184	0.261252
185	0.200319
186	0.13957
187	0.0790224
188	0.0186917
189	-0.0414051
190	-0.101268
191	-0.160902
192	-0.220323
193	-0.279547
194	-0.338594
195	-0.397487
196	-0.456249
197	-0.514906
198	-0.573474
199	-0.631981
200	-0.690454
201	-0.748917
202	-0.807391
203	-0.865891
204	-0.924434
205	-0.983032
206	-1.0417
207	-1.10045
208	-1.15931
209	-1.21832
210	-1.27751
211	-1.33689
212	-1.39651
213	-1.45639
214	-1.51654
215	-1.57697
216	-1.63769
217	-1.6987
218	-1.76
219	-1.82155
220	-1.88333
221	-1.94528
222	-2.00732
223	-2.06939
224	-2.13139
225	-2.19324
226	-2.25483
227	-2.31604
228	-2.37677
229	-2.43689
230	-2.49625
231	-2.55474
232	-2.61219
233	-2.66849
234	-2.72351
235	-2.77715
236	-2.8293
237	-2.87987
238	-2.92876
239	-2.97589
240	-3.02119
241	-3.06457
242	-3.10598
243	-3.14539
244	-3.18278
245	-3.21813
246	-3.25147
247	-3.28279
248	-3.31214
249	-3.33953
250	-3.36501
251	-3.38866
252	-3.41054
253	-3.43073
254	-3.44933
255	-3.4664
256	-3.48203
257	-3.4963
258	-3.50927
259	-3.52101
260	-3.5316
261	-3.54112
262	-3.54963
263	-3.55723
264	-3.56397
265	-3.56994
266	-3.5752
267	-3.57983
268	-3.58392
269	-3.58754
270	-3.59079
271	-3.59374
272	-3.59647
273	-3.59904
274	-3.60149
275	-3.60386
276	-3.60617
277	-3.60843
278	-3.61066
279	-3.61285
280	-3.61498
281	-3.61701
282	-3.61889
283	-3.62055
284	-3.62191
285	-3.62292
286	-3.62347
287	-3.62349
288	-3.62288
289	-3.62155
290	-3.61938
291	-3.61627
292	-3.61209
293	-3.60671
294	-3.60004
295	-3.59197
296	-3.58241
297	-3.57126
298	-3.55847
299	-3.54396
300	-3.52768
301	-3.50957
302	-3.48961
303	-3.46777
304	-3.44406
305	-3.41849
306	-3.39107
307	-3.36185
308	-3.33086
309	-3.29815
310	-3.26378
311	-3.22779
312	-3.19025
313	-3.15122
314	-3.11076
315	-3.06894
316	-3.02581
317	-2.98143
318	-2.93583
319	-2.88906
320	-2.84118
321	-2.79223
322	-2.74227
323	-2.69137
324	-2.63957
325	-2.58694
326	-2.53354
327	-2.47942
328	-2.42463
329	-2.36925
330	-2.31331
331	-2.25688
332	-2.19999
333	-2.14268
334	-2.08499
335	-2.02693
336	-1.96851
337	-1.90976
338	-1.8507
339	-1.79133
340	-1.73168
341	-1.67176
342	-1.6116
343	-1.55119
344	-1.49055
345	-1.42971
346	-1.36867
347	-1.30747
348	-1.24614
349	-1.18469
350	-1.12316
351	-1.06156
352	-0.999927
353	-0.938257
354	-0.876563
355	-0.814852
356	-0.753135
357	-0.691425
358	-0.629738
359	-0.568094
360	-0.506516
Phase Current ia
0	-3.02113
1	-3.06448
2	-3.1059
3	-3.14531
4	-3.18269
5	-3.21805
6	-3.25138
7	-3.28271
8	-3.31205
9	-3.33944
10	-3.36493
11	-3.38858
12	-3.41046
13	-3.43065
14	-3.44924
15	-3.46632
16	-3.48195
17	-3.49622
18	-3.50919
19	-3.52093
20	-3.53152
21	-3.54104
22	-3.54955
23	-3.55715
24	-3.56389
25	-3.56986
26	-3.57512
27	-3.57975
28	-3.58384
29	-3.58746
30	-3.59071
31	-3.59366
32	-3.59639
33	-3.59896
34	-3.60142
35	-3.60378
36	-3.60609
37	-3.60836
38	-3.61059
39	-3.61277
40	-3.6149
41	-3.61693
42	-3.61881
43	-3.62047
44	-3.62184
45	-3.62284
46	-3.62339
47	-3.62341
48	-3.6228
49	-3.62147
50	-3.61931
51	-3.6162
52	-3.61201
53	-3.60664
54	-3.59997
55	-3.5919
56	-3.58233
57	-3.57119
58	-3.55839
59	-3.54388
60	-3.5276
61	-3.5095
62	-3.48954
63	-3.4677
64	-3.44399
65	-3.41841
66	-3.391
67	-3.36178
68	-3.33079
69	-3.29808
70	-3.26371
71	-3.22772
72	-3.19018
73	-3.15115
74	-3.11069
75	-3.06887
76	-3.02574
77	-2.98136
78	-2.93576
79	-2.88899
80	-2.84111
81	-2.79216
82	-2.74221
83	-2.6913
84	-2.6395
85	-2.58687
86	-2.53347
87	-2.47935
88	-2.42457
89	-2.36918
90	-2.31324
91	-2.25681
92	-2.19992
93	-2.14261
94	-2.08492
95	-2.02686
96	-1.96844
97	-1.9097
98	-1.85063
99	-1.79126
100	-1.73161
101	-1.6717
102	-1.61153
103	-1.55112
104	-1.49049
105	-1.42964
106	-1.36861
107	-1.30741
108	-1.24607
109	-1.18462
110	-1.12309
111	-1.0615
112	-0.999863
113	-0.938193
114	-0.876499
115	-0.814789
116	-0.753072
117	-0.691362
118	-0.629675
119	-0.568031
120	-0.506453
121	-0.444968
122	-0.383594
123	-0.322349
124	-0.261251
125	-0.200318
126	-0.139569
127	-0.0790216
128	-0.018691
129	0.0414058
130	0.101268
131	0.160903
132	0.220324
133	0.279547
134	0.338594
135	0.397487
136	0.45625
137	0.514907
138	0.573475
139	0.631982
140	0.690455
141	0.748918
142	0.807391
143	0.865892
144	0.924435
145	0.983033
146	1.0417
147	1.10045
148	1.15931
149	1.21832
150	1.27751
151	1.3369
152	1.39651
153	1.45639
154	1.51654
155	1.57697
156	1.63769
157	1.6987
158	1.76
159	1.82155
160	1.88333
161	1.94528
162	2.00732
163	2.06939
164	2.13139
165	2.19324
166	2.25483
167	2.31605
168	2.37678
169	2.43689
170	2.49626
171	2.55474
172	2.61219
173	2.66849
174	2.72351
175	2.77715
176	2.8293
177	2.87987
178	2.92876
179	2.97589
180	3.02119
181	3.06457
182	3.10598
183	3.14539
184	3.18278
185	3.21814
186	3.25147
187	3.28279
188	3.31214
189	3.33953
190	3.36501
191	3.38866
192	3.41054
193	3.43073
194	3.44933
195	3.4664
196	3.48203
197	3.4963
198	3.50927
199	3.52101
200	3.5316
201	3.54112
202	3.54963
203	3.55723
204	3.56397
205	3.56994
206	3.5752
207	3.57983
208	3.58392
209	3.58754
210	3.59079
211	3.59374
212	3.59647
213	3.59904
214	3.6015
215	3.60386
216	3.60617
217	3.60843
218	3.61066
219	3.61285
220	3.61498
221	3.61701
222	3.61889
223	3.62055
224	3.62192
225	3.62292
226	3.62347
227	3.62349
228	3.62288
229	3.62155
230	3.61938
231	3.61627
232	3.61209
233	3.60672
234	3.60005
235	3.59198
236	3.58241
237	3.57127
238	3.55847
239	3.54396
240	3.52768
241	3.50957
242	3.48961
243	3.46778
244	3.44406
245	3.41849
246	3.39107
247	3.36185
248	3.33086
249	3.29816
250	3.26378
251	3.22779
252	3.19025
253	3.15122
254	3.11077
255	3.06894
256	3.02582
257	2.98143
258	2.93583
259	2.88907
260	2.84118
261	2.79223
262	2.74228
263	2.69137
264	2.63957
265	2.58694
266	2.53354
267	2.47942
268	2.42464
269	2.36925
270	2.31331
271	2.25688
272	2.19999
273	2.14268
274	2.08499
275	2.02693
276	1.96851
277	1.90976
278	1.8507
279	1.79133
280	1.73168
281	1.67176
282	1.6116
283	1.55119
284	1.49055
285	1.42971
286	1.36867
287	1.30747
288	1.24614
289	1.18469
290	1.12316
291	1.06157
292	0.999929
293	0.938259
294	0.876565
295	0.814854
296	0.753137
297	0.691426
298	0.62974
299	0.568096
300	0.506517
301	0.445032
302	0.383658
303	0.322413
304	0.261315
305	0.200382
306	0.139633
307	0.0790847
308	0.0187539
309	-0.041343
310	-0.101206
311	-0.160841
312	-0.220261
313	-0.279485
314	-0.338532
315	-0.397425
316	-0.456189
317	-0.514845
318	-0.573413
319	-0.631921
320	-0.690394
321	-0.748857
322	-0.807331
323	-0.865831
324	-0.924374
325	-0.982973
326	-1.04164
327	-1.10039
328	-1.15925
329	-1.21826
330	-1.27745
331	-1.33684
332	-1.39645
333	-1.45633
334	-1.51648
335	-1.57691
336	-1.63763
337	-1.69864
338	-1.75994
339	-1.8215
340	-1.88327
341	-1.94522
342	-2.00727
343	-2.06933
344	-2.13134
345	-2.19318
346	-2.25477
347	-2.31599
348	-2.37672
349	-2.43683
350	-2.4962
351	-2.55468
352	-2.61213
353	-2.66843
354	-2.72345
355	-2.77709
356	-2.82925
357	-2.87981
358	-2.9287
359	-2.97584
360	-3.02113
Phase Current ib
0	3.52765
1	3.50955
2	3.48959
3	3.46776
4	3.44404
5	3.41847
6	3.39105
7	3.36183
8	3.33084
9	3.29814
10	3.26376
11	3.22777
12	3.19023
13	3.1512
14	3.11075
15	3.06892
16	3.0258
17	2.98141
18	2.93581
19	2.88905
20	2.84116
21	2.79221
22	2.74226
23	2.69135
24	2.63955
25	2.58692
26	2.53352
27	2.4794
28	2.42462
29	2.36923
30	2.31329
31	2.25686
32	2.19997
33	2.14266
34	2.08497
35	2.02691
36	1.96849
37	1.90975
38	1.85068
39	1.79131
40	1.73166
41	1.67174
42	1.61158
43	1.55117
44	1.49053
45	1.42969
46	1.36866
47	1.30746
48	1.24612
49	1.18467
50	1.12314
51	1.06155
52	0.999911
53	0.938241
54	0.876547
55	0.814836
56	0.753119
57	0.691409
58	0.629722
59	0.568078
60	0.5065
61	0.445014
62	0.38364
63	0.322396
64	0.261297
65	0.200364
66	0.139615
67	0.0790674
68	0.0187367
69	-0.0413602
70	-0.101223
71	-0.160858
72	-0.220278
73	-0.279502
74	-0.338549
75	-0.397442
76	-0.456205
77	-0.514862
78	-0.57343
79	-0.631937
80	-0.690411
81	-0.748874
82	-0.807347
83	-0.865848
84	-0.924391
85	-0.982989
86	-1.04165
87	-1.1004
88	-1.15927
89	-1.21828
90	-1.27746
91	-1.33685
92	-1.39647
93	-1.45635
94	-1.51649
95	-1.57692
96	-1.63765
97	-1.69866
98	-1.75996
99	-1.82151
100	-1.88329
101	-1.94523
102	-2.00728
103	-2.06935
104	-2.13135
105	-2.1932
106	-2.25479
107	-2.316
108	-2.37673
109	-2.43685
110	-2.49621
111	-2.5547
112	-2.61215
113	-2.66845
114	-2.72347
115	-2.77711
116	-2.82926
117	-2.87983
118	-2.92872
119	-2.97585
120	-3.02115
121	-3.06453
122	-3.10594
123	-3.14535
124	-3.18274
125	-3.2181
126	-3.25143
127	-3.28275
128	-3.3121
129	-3.33949
130	-3.36497
131	-3.38862
132	-3.4105
133	-3.4307
134	-3.44929
135	-3.46636
136	-3.48199
137	-3.49627
138	-3.50924
139	-3.52098
140	-3.53157
141	-3.54108
142	-3.5496
143	-3.55719
144	-3.56394
145	-3.56991
146	-3.57517
147	-3.5798
148	-3.58388
149	-3.5875
150	-3.59075
151	-3.5937
152	-3.59643
153	-3.599
154	-3.60146
155	-3.60383
156	-3.60613
157	-3.6084
158	-3.61063
159	-3.61282
160	-3.61494
161	-3.61697
162	-3.61885
163	-3.62051
164	-3.62188
165	-3.62288
166	-3.62344
167	-3.62345
168	-3.62285
169	-3.62151
170	-3.61935
171	-3.61624
172	-3.61205
173	-3.60668
174	-3.60001
175	-3.59194
176	-3.58238
177	-3.57123
178	-3.55844
179	-3.54393
180	-3.52764
181	-3.50954
182	-3.48958
183	-3.46774
184	-3.44403
185	-3.41845
186	-3.39104
187	-3.36182
188	-3.33083
189	-3.29812
190	-3.26375
191	-3.22776
192	-3.19022
193	-3.15119
194	-3.11073
195	-3.06891
196	-3.02578
197	-2.9814
198	-2.9358
199	-2.88903
200	-2.84115
201	-2.7922
202	-2.74224
203	-2.69134
204	-2.63954
205	-2.58691
206	-2.53351
207	-2.47939
208	-2.4246
209	-2.36922
210	-2.31328
211	-2.25685
212	-2.19996
213	-2.14265
214	-2.08496
215	-2.0269
216	-1.96848
217	-1.90973
218	-1.85067
219	-1.7913
220	-1.73165
221	-1.67173
222	-1.61157
223	-1.55116
224	-1.49052
225	-1.42968
226	-1.36864
227	-1.30744
228	-1.24611
229	-1.18466
230	-1.12313
231	-1.06154
232	-0.999899
233	-0.93823
234	-0.876536
235	-0.814825
236	-0.753108
237	-0.691397
238	-0.629711
239	-0.568067
240	-0.506488
241	-0.445003
242	-0.383629
243	-0.322385
244	-0.261287
245	-0.200354
246	-0.139604
247	-0.0790565
248	-0.0187259
249	0.041371
250	0.101234
251	0.160869
252	0.220289
253	0.279513
254	0.33856
255	0.397453
256	0.456216
257	0.514872
258	0.573441
259	0.631948
260	0.690421
261	0.748884
262	0.807358
263	0.865858
264	0.924401
265	0.983
266	1.04166
267	1.10042
268	1.15928
269	1.21829
270	1.27747
271	1.33686
272	1.39648
273	1.45636
274	1.5165
275	1.57693
276	1.63766
277	1.69867
278	1.75997
279	1.82152
280	1.8833
281	1.94524
282	2.00729
283	2.06936
284	2.13136
285	2.19321
286	2.2548
287	2.31601
288	2.37674
289	2.43686
290	2.49622
291	2.55471
292	2.61216
293	2.66846
294	2.72348
295	2.77712
296	2.82927
297	2.87984
298	2.92873
299	2.97586
300	3.02116
301	3.06454
302	3.10595
303	3.14536
304	3.18275
305	3.2181
306	3.25144
307	3.28276
308	3.31211
309	3.3395
310	3.36498
311	3.38863
312	3.41051
313	3.4307
314	3.4493
315	3.46637
316	3.482
317	3.49627
318	3.50924
319	3.52098
320	3.53157
321	3.54109
322	3.54961
323	3.5572
324	3.56394
325	3.56991
326	3.57517
327	3.5798
328	3.58389
329	3.58751
330	3.59076
331	3.59371
332	3.59644
333	3.59901
334	3.60147
335	3.60383
336	3.60614
337	3.60841
338	3.61064
339	3.61282
340	3.61495
341	3.61698
342	3.61886
343	3.62052
344	3.62189
345	3.62289
346	3.62344
347	3.62346
348	3.62285
349	3.62152
350	3.61936
351	3.61624
352	3.61206
353	3.60669
354	3.60002
355	3.59195
356	3.58238
357	3.57124
358	3.55844
359	3.54393
360	3.52765
Phase Current ic
