barCurrent
  6 10
  0.1838
  12.4834  168.175  184.104  -206.827  57.3346  -215.27  
  0.1856
  -171.518  -27.1418  368.413  -62.925  -71.1829  -35.6447  
  0.1874
  9.49255  -184.848  -87.5309  239.155  -64.6545  88.3851  
  0.1892
  -6.7917  -125.051  -203.054  238.128  -124.421  221.19  
  0.191
  77.9655  -122.213  -325.572  287.248  -99.2584  181.83  
  0.1928
  -168.122  70.6226  12.1002  -6.28527  -100.986  192.671  
  0.1946
  -167.756  14.2072  193.958  26.308  -124.126  57.4082  
  0.1964
  -265.485  -10.0889  371.322  -88.0745  -55.051  47.3776  
  0.1982
  69.7464  -165.799  150.612  38.2958  -26.0576  -66.7983  
  0.2
  243.963  -14.083  -204.756  -25.4648  97.6355  -97.2945  
