barCurrent
  6 10
  0.1838
  -8.41914  -169.728  -185.885  208.684  -59.1847  214.534  
  0.1856
  167.082  41.2518  -374.344  62.7717  68.4097  34.8289  
  0.1874
  -19.3079  196.257  88.8984  -244.228  64.4259  -86.0455  
  0.1892
  4.06569  128.177  205.613  -240.912  123.959  -220.904  
  0.191
  -82.1534  126.801  325.374  -289.869  99.6536  -179.806  
  0.1928
  164.275  -69.7714  -12.1788  6.83967  100.404  -189.569  
  0.1946
  165.952  -13.2532  -193.434  -25.6192  122.755  -56.401  
  0.1964
  271.38  3.9069  -368.682  86.3099  55.1374  -48.0526  
  0.1982
  -61.9909  159.01  -150.803  -39.9627  27.8045  65.9413  
  0.2
  -248.255  16.5245  206.003  23.8423  -95.0249  96.9103  
