barEmf
  6 10
  0.1838
  0.400712  0.382323  0.380442  0.426617  0.395417  0.427615  
  0.1856
  1.06488  1.04783  1.00111  1.05206  1.05303  1.04883  
  0.1874
  1.33378  1.35673  1.34524  1.30665  1.34253  1.32446  
  0.1892
  -0.388105  -0.374137  -0.364925  -0.417035  -0.374214  -0.415035  
  0.191
  -1.01927  -0.995629  -0.97161  -1.04399  -0.998343  -1.03154  
  0.1928
  -0.899309  -0.927508  -0.920596  -0.918425  -0.90724  -0.941925  
  0.1946
  0.232428  0.210936  0.189705  0.209507  0.227275  0.205834  
  0.1964
  1.00047  0.970302  0.925253  0.979513  0.975613  0.963515  
  0.1982
  1.49178  1.5196  1.48223  1.49549  1.50309  1.50791  
  0.2
  0.361567  0.392046  0.414567  0.39339  0.378851  0.401875  
