barEmf
  6 10
  0.1838
  -0.401817  -0.382765  -0.380857  -0.427462  -0.395824  -0.428153  
  0.1856
  -1.07002  -1.05516  -1.00607  -1.0577  -1.05837  -1.0544  
  0.1874
  -1.2992  -1.32466  -1.31198  -1.27263  -1.30909  -1.29131  
  0.1892
  0.360622  0.345963  0.336818  0.389559  0.346464  0.387197  
  0.191
  1.02886  1.00418  0.98073  1.0534  1.00739  1.0404  
  0.1928
  0.917623  0.945267  0.938465  0.936219  0.925168  0.959418  
  0.1946
  -0.246799  -0.225633  -0.204351  -0.224172  -0.241697  -0.220536  
  0.1964
  -0.99882  -0.967228  -0.92322  -0.97696  -0.973279  -0.961091  
  0.1982
  -1.49835  -1.52445  -1.48786  -1.50095  -1.50896  -1.51346  
  0.2
  -0.335245  -0.366519  -0.388899  -0.367384  -0.353345  -0.376015  
