barFlux
  6 10
  0.1838
  0.0398181  0.0198962  -0.00236326  -0.0563763  -0.0646637  -0.0702792  
  0.1856
  0.0401183  0.0202175  -0.00204215  -0.0560456  -0.0643219  -0.0699431  
  0.1874
  0.0402731  0.0203657  -0.00188281  -0.0558822  -0.064163  -0.0697975  
  0.1892
  0.0400725  0.0201657  -0.00209249  -0.0560971  -0.0643676  -0.0700236  
  0.191
  0.0398819  0.0199558  -0.00229679  -0.0563196  -0.0645927  -0.0702613  
  0.1928
  0.0395252  0.0195777  -0.00269631  -0.0567139  -0.0649841  -0.0706689  
  0.1946
  0.0396064  0.0196395  -0.00263394  -0.0566696  -0.0649376  -0.0706203  
  0.1964
  0.039572  0.0195914  -0.00270796  -0.0567222  -0.0649889  -0.0706723  
  0.1982
  0.0399171  0.0199508  -0.00234035  -0.0563728  -0.0646297  -0.0702965  
  0.2
  0.0398063  0.0198446  -0.00244594  -0.056456  -0.0647154  -0.0703725  
