barFlux
  6 10
  0.1838
  -0.0398128  -0.019893  0.00237007  0.0563801  0.0646609  0.0702776  
  0.1856
  -0.0401117  -0.0202132  0.0020504  0.0560507  0.0643205  0.0699429  
  0.1874
  -0.0402664  -0.0203609  0.0018916  0.0558877  0.0641621  0.0697978  
  0.1892
  -0.0400665  -0.020161  0.00210047  0.0561021  0.0643664  0.0700238  
  0.191
  -0.0398709  -0.0199457  0.0023087  0.0563296  0.0645963  0.0702664  
  0.1928
  -0.0395183  -0.0195711  0.00270512  0.0567204  0.0649842  0.0706705  
  0.1946
  -0.0395985  -0.0196331  0.00264369  0.0566766  0.0649382  0.0706224  
  0.1964
  -0.0395658  -0.0195871  0.00271527  0.0567272  0.0649874  0.0706722  
  0.1982
  -0.0399075  -0.0199419  0.00235156  0.0563819  0.0646321  0.0703003  
  0.2
  -0.0397957  -0.0198359  0.00245789  0.0564656  0.0647182  0.0703766  
