endRingCurrent
  6 10
  0.1838
  -12.4818  -180.657  -364.761  -157.934  -215.269  0.00162698  
  0.1856
  171.519  198.66  -169.752  -106.827  -35.6445  0.000265477  
  0.1874
  -9.49359  175.354  262.885  23.7296  88.3841  -0.00104224  
  0.1892
  6.79027  131.842  334.895  96.7677  221.188  -0.00143042  
  0.191
  -77.9668  44.2464  369.818  82.5705  181.829  -0.00130581  
  0.1928
  168.122  97.4991  85.3989  91.6842  192.67  -0.000798824  
  0.1946
  167.756  153.549  -40.4095  -66.7175  57.408  -0.000194925  
  0.1964
  265.485  275.574  -95.7482  -7.67366  47.3773  -0.00030299  
  0.1982
  -69.7461  96.0524  -54.5598  -92.8556  -66.798  0.000292171  
  0.2
  -243.962  -229.879  -25.1231  0.341655  -97.2938  0.000644407  
