endRingCurrent
  6 10
  0.1838
  8.41752  178.146  364.031  155.347  214.532  -0.00161495  
  0.1856
  -167.082  -208.334  166.01  103.238  34.8287  -0.000244963  
  0.1874
  19.309  -176.948  -265.847  -21.6186  -86.0445  0.00103815  
  0.1892
  -4.06425  -132.242  -337.855  -96.9435  -220.902  0.00143658  
  0.191
  82.1547  -44.6464  -370.02  -80.1514  -179.805  0.00129815  
  0.1928
  -164.275  -94.5032  -82.3243  -89.164  -189.568  0.000777411  
  0.1946
  -165.952  -152.699  40.7354  66.3547  -56.4008  0.000190674  
  0.1964
  -271.38  -275.287  93.395  7.08512  -48.0522  0.000316713  
  0.1982
  61.9906  -97.0199  53.7828  93.7455  65.941  -0.000281208  
  0.2
  248.255  231.73  25.7271  1.88477  96.9096  -0.000654155  
