PhaseC
  5 10
  0.1838
  0  1853.24  -239.04  16.6976  1374.9  
  0.1856
  0  -1146.65  -31.8121  16.4763  -1281.35  
  0.1874
  0  -3789.53  175.384  12.0758  -3662.98  
  0.1892
  0  -5252.56  330.236  3.60227  -5536.66  
  0.191
  0  -5080.24  373.836  -6.9585  -5682.79  
  0.1928
  0  -3326.22  306.985  -14.8213  -2997.55  
  0.1946
  0  -536.595  140.535  -17.3145  -122.566  
  0.1964
  0  2420.09  -68.2183  -15.2071  2202.57  
  0.1982
  0  4623.3  -257.81  -8.94014  4535.6  
  0.2
  0  5387.07  -368.981  0.981551  5920.62  
