PhaseB
  5 10
  0.1838
  0  -5308.87  380.744  -3.89574  -5955.77  
  0.1856
  0  -3986.71  345.246  -12.9891  -4054.6  
  0.1874
  0  -1423.31  199.485  -17.0826  -1044.93  
  0.1892
  0  1583.23  -9.2021  -16.1403  1590.23  
  0.191
  0  4096.84  -208.538  -11.1532  3808.21  
  0.1928
  0  5334.92  -347.92  -2.11662  5930.24  
  0.1946
  0  4912.01  -376.159  8.33771  5425.66  
  0.1964
  0  2959.77  -292.7  15.4418  2638.79  
  0.1982
  0  86.0248  -114.333  17.1714  -278.411  
  0.2
  0  -2814.51  94.6223  14.4518  -2591.3  
