PhaseA
  5 10
  0.1838
  0  3455.64  -141.704  -13.0347  3114.51  
  0.1856
  0  5133.36  -313.434  -5.04873  5288.75  
  0.1874
  0  5212.84  -374.869  5.46663  5616.5  
  0.1892
  0  3669.33  -321.034  14.0325  3602.1  
  0.191
  0  983.402  -165.299  17.2956  490.977  
  0.1928
  0  -2008.71  40.9358  15.7748  -1680.43  
  0.1946
  0  -4375.42  235.624  10.1415  -4170.95  
  0.1964
  0  -5379.86  360.918  0.607616  -5884.38  
  0.1982
  0  -4709.32  372.143  -9.63707  -5059.34  
  0.2
  0  -2572.56  274.359  -15.9806  -2198.03  
