PhaseC
  5 10
  0.0338
  0  -3389.93  1216.54  -35.1817  -3233.28  
  0.0356
  0  2895.61  -924.912  -34.6423  2750.69  
  0.0374
  0  8279.61  -2651.72  -23.7173  8368.98  
  0.0392
  0  11085.8  -3734.39  -5.12658  11524.7  
  0.041
  0  10440.5  -3508.77  15.0933  10741.5  
  0.0428
  0  6544.61  -2453.08  30.1712  6204.14  
  0.0446
  0  611.09  -415.524  35.5656  202.093  
  0.0464
  0  -5512.69  1542.43  30.3836  -5538.09  
  0.0482
  0  -9920.13  3176.07  15.5495  -10046.3  
  0.05
  0  -11239  3688.9  -4.664  -11358.2  
