PhaseA
  5 10
  0.0338
  0  -7611.06  2421.76  25.8708  -7942.97  
  0.0356
  0  -10878.2  3672.32  8.12026  -11251.3  
  0.0374
  0  -10758.5  3612.5  -12.2131  -10905.8  
  0.0392
  0  -7289.17  2645.11  -28.4412  -6944.86  
  0.041
  0  -1550.42  734.44  -35.4555  -1045.57  
  0.0428
  0  4671.05  -1267.83  -31.8531  4517.74  
  0.0446
  0  9438.21  -2944.98  -18.2917  9489.26  
  0.0464
  0  11266.8  -3708.29  1.57154  11513.2  
  0.0482
  0  9587.6  -3166.57  20.9531  9653.14  
  0.05
  0  4923.32  -1805.53  33.4916  4672.31  
