PhaseB
  5 10
  0.0338
  0  11001  -3638.3  9.58007  10893.9  
  0.0356
  0  7982.6  -2747.41  26.8149  7682.53  
  0.0374
  0  2478.87  -960.782  35.4575  2149.26  
  0.0392
  0  -3796.64  1089.28  33.3825  -3574.26  
  0.041
  0  -8890.09  2774.33  21.1409  -8769.78  
  0.0428
  0  -11215.7  3720.92  1.8033  -11602  
  0.0446
  0  -10049.3  3360.5  -18.107  -10253  
  0.0464
  0  -5754.15  2165.87  -31.9679  -5530.82  
  0.0482
  0  332.522  -9.49505  -35.7472  660.92  
  0.05
  0  6315.66  -1883.37  -29.0229  6370.1  
