Winding Currents under Load 
Electric Degree
(Amperes)
0	0.787985
1	0.829523
2	0.871124
3	0.912774
4	0.954467
5	0.996191
6	1.03792
7	1.07963
8	1.12127
9	1.16279
10	1.20413
11	1.2452
12	1.28592
13	1.3262
14	1.36595
15	1.40509
16	1.44351
17	1.48113
18	1.51787
19	1.55365
20	1.58839
21	1.622
22	1.65442
23	1.68556
24	1.71537
25	1.7438
26	1.77081
27	1.79637
28	1.82047
29	1.8431
30	1.86427
31	1.88396
32	1.9022
33	1.91902
34	1.93446
35	1.94854
36	1.9613
37	1.9728
38	1.98306
39	1.99212
40	2.00002
41	2.00682
42	2.01256
43	2.01728
44	2.02105
45	2.0239
46	2.0259
47	2.02709
48	2.02752
49	2.02723
50	2.02628
51	2.02473
52	2.02263
53	2.02005
54	2.01704
55	2.01364
56	2.0099
57	2.00587
58	2.0016
59	1.99715
60	1.99256
61	1.98789
62	1.98319
63	1.97849
64	1.97386
65	1.96931
66	1.9649
67	1.96066
68	1.95664
69	1.95286
70	1.94938
71	1.9462
72	1.94336
73	1.94084
74	1.93866
75	1.9368
76	1.93525
77	1.93398
78	1.93295
79	1.93212
80	1.93142
81	1.9308
82	1.93016
83	1.92946
84	1.9286
85	1.92752
86	1.92614
87	1.92438
88	1.92218
89	1.91944
90	1.91608
91	1.91204
92	1.90724
93	1.90163
94	1.89516
95	1.88779
96	1.8795
97	1.87029
98	1.86014
99	1.84907
100	1.83709
101	1.82422
102	1.8105
103	1.79594
104	1.7806
105	1.76449
106	1.74766
107	1.73011
108	1.71187
109	1.69295
110	1.67338
111	1.65316
112	1.63233
113	1.61089
114	1.58887
115	1.5663
116	1.5432
117	1.5196
118	1.49554
119	1.47103
120	1.44611
121	1.4208
122	1.39513
123	1.36909
124	1.3427
125	1.31595
126	1.28881
127	1.26126
128	1.23329
129	1.20485
130	1.17591
131	1.14644
132	1.1164
133	1.08575
134	1.05445
135	1.02249
136	0.989829
137	0.956474
138	0.922422
139	0.887681
140	0.852262
141	0.816179
142	0.779444
143	0.742067
144	0.704064
145	0.665453
146	0.626259
147	0.58652
148	0.546281
149	0.505596
150	0.464526
151	0.423131
152	0.381472
153	0.339607
154	0.29759
155	0.255472
156	0.213301
157	0.171118
158	0.128959
159	0.0868473
160	0.044801
161	0.00282684
162	-0.0390766
163	-0.080916
164	-0.122701
165	-0.164441
166	-0.206144
167	-0.247818
168	-0.289468
169	-0.331099
170	-0.372714
171	-0.414315
172	-0.455899
173	-0.497465
174	-0.53901
175	-0.580531
176	-0.622031
177	-0.663515
178	-0.704995
179	-0.746485
180	-0.788
181	-0.829554
182	-0.871156
183	-0.912805
184	-0.954498
185	-0.996222
186	-1.03795
187	-1.07966
188	-1.1213
189	-1.16282
190	-1.20416
191	-1.24523
192	-1.28595
193	-1.32623
194	-1.36598
195	-1.40512
196	-1.44354
197	-1.48116
198	-1.5179
199	-1.55368
200	-1.58842
201	-1.62203
202	-1.65445
203	-1.68559
204	-1.7154
205	-1.74383
206	-1.77084
207	-1.7964
208	-1.8205
209	-1.84313
210	-1.86429
211	-1.88399
212	-1.90223
213	-1.91905
214	-1.93449
215	-1.94857
216	-1.96133
217	-1.97283
218	-1.98309
219	-1.99215
220	-2.00005
221	-2.00685
222	-2.01258
223	-2.01731
224	-2.02107
225	-2.02393
226	-2.02593
227	-2.02712
228	-2.02754
229	-2.02725
230	-2.0263
231	-2.02475
232	-2.02266
233	-2.02008
234	-2.01706
235	-2.01366
236	-2.00992
237	-2.00589
238	-2.00162
239	-1.99717
240	-1.99259
241	-1.98792
242	-1.98321
243	-1.97852
244	-1.97388
245	-1.96934
246	-1.96492
247	-1.96068
248	-1.95666
249	-1.95289
250	-1.9494
251	-1.94623
252	-1.94338
253	-1.94087
254	-1.93868
255	-1.93682
256	-1.93527
257	-1.934
258	-1.93298
259	-1.93214
260	-1.93145
261	-1.93082
262	-1.93019
263	-1.92948
264	-1.92862
265	-1.92754
266	-1.92616
267	-1.92441
268	-1.9222
269	-1.91946
270	-1.91611
271	-1.91206
272	-1.90727
273	-1.90165
274	-1.89518
275	-1.88781
276	-1.87952
277	-1.87031
278	-1.86016
279	-1.84909
280	-1.83711
281	-1.82424
282	-1.81052
283	-1.79596
284	-1.78062
285	-1.76452
286	-1.74768
287	-1.73013
288	-1.71189
289	-1.69297
290	-1.6734
291	-1.65318
292	-1.63235
293	-1.61091
294	-1.58889
295	-1.56632
296	-1.54322
297	-1.51962
298	-1.49556
299	-1.47105
300	-1.44613
301	-1.42082
302	-1.39514
303	-1.36911
304	-1.34272
305	-1.31596
306	-1.28883
307	-1.26128
308	-1.2333
309	-1.20486
310	-1.17593
311	-1.14646
312	-1.11642
313	-1.08576
314	-1.05447
315	-1.0225
316	-0.989847
317	-0.956492
318	-0.92244
319	-0.887698
320	-0.85228
321	-0.816197
322	-0.779461
323	-0.742085
324	-0.704082
325	-0.66547
326	-0.626277
327	-0.586537
328	-0.546298
329	-0.505613
330	-0.464544
331	-0.423148
332	-0.381489
333	-0.339624
334	-0.297607
335	-0.255489
336	-0.213318
337	-0.171135
338	-0.128975
339	-0.0868637
340	-0.0448174
341	-0.00284314
342	0.0390603
343	0.0808998
344	0.122685
345	0.164425
346	0.206128
347	0.247802
348	0.289452
349	0.331083
350	0.372699
351	0.414299
352	0.455884
353	0.49745
354	0.538995
355	0.580515
356	0.622015
357	0.6635
358	0.70498
359	0.74647
360	0.787985
Phase Current ia
0	-0.658099
1	-0.591197
2	-0.523921
3	-0.456239
4	-0.388155
5	-0.319676
6	-0.250806
7	-0.181554
8	-0.111936
9	-0.0419761
10	0.0282945
11	0.0988352
12	0.169599
13	0.240533
14	0.311581
15	0.382678
16	0.453754
17	0.524732
18	0.595526
19	0.666047
20	0.736203
21	0.805902
22	0.87505
23	0.943569
24	1.01138
25	1.07843
26	1.14463
27	1.20993
28	1.27427
29	1.33758
30	1.39981
31	1.4609
32	1.5208
33	1.57949
34	1.63694
35	1.69314
36	1.74808
37	1.80175
38	1.85418
39	1.90535
40	1.9553
41	2.00407
42	2.05171
43	2.09827
44	2.14382
45	2.18842
46	2.23212
47	2.27498
48	2.31706
49	2.3584
50	2.39906
51	2.43911
52	2.4786
53	2.51759
54	2.55612
55	2.59424
56	2.632
57	2.66945
58	2.70666
59	2.7437
60	2.78063
61	2.81752
62	2.85441
63	2.89137
64	2.92843
65	2.9656
66	3.00292
67	3.04039
68	3.078
69	3.11575
70	3.1536
71	3.1915
72	3.22938
73	3.26714
74	3.30471
75	3.34198
76	3.37885
77	3.4152
78	3.45092
79	3.48587
80	3.51991
81	3.5529
82	3.58468
83	3.61511
84	3.64406
85	3.67141
86	3.69704
87	3.72085
88	3.74274
89	3.76263
90	3.78044
91	3.79609
92	3.80954
93	3.82075
94	3.82971
95	3.83642
96	3.8409
97	3.84317
98	3.84329
99	3.84128
100	3.8372
101	3.83113
102	3.82314
103	3.81332
104	3.80174
105	3.78849
106	3.77365
107	3.75729
108	3.73947
109	3.72027
110	3.69975
111	3.67798
112	3.65505
113	3.63102
114	3.60599
115	3.58002
116	3.55318
117	3.52556
118	3.49722
119	3.46826
120	3.43875
121	3.40878
122	3.3784
123	3.34767
124	3.31665
125	3.28534
126	3.25379
127	3.222
128	3.19
129	3.15779
130	3.12537
131	3.09273
132	3.05984
133	3.02667
134	2.99319
135	2.95936
136	2.92516
137	2.89053
138	2.85545
139	2.81988
140	2.78377
141	2.74706
142	2.70969
143	2.6716
144	2.63274
145	2.59305
146	2.55247
147	2.51098
148	2.46854
149	2.42511
150	2.38069
151	2.33525
152	2.28879
153	2.24132
154	2.19283
155	2.14334
156	2.09288
157	2.04148
158	1.98917
159	1.93599
160	1.88196
161	1.82712
162	1.77149
163	1.7151
164	1.65797
165	1.60013
166	1.54159
167	1.48236
168	1.42247
169	1.36193
170	1.30074
171	1.23892
172	1.1765
173	1.11349
174	1.04993
175	0.985839
176	0.921242
177	0.85616
178	0.790613
179	0.724614
180	0.658178
181	0.591317
182	0.524041
183	0.456358
184	0.388274
185	0.319794
186	0.250924
187	0.181672
188	0.112054
189	0.0420937
190	-0.0281772
191	-0.0987181
192	-0.169482
193	-0.240417
194	-0.311465
195	-0.382562
196	-0.453638
197	-0.524616
198	-0.595411
199	-0.665932
200	-0.736088
201	-0.805788
202	-0.874936
203	-0.943455
204	-1.01127
205	-1.07831
206	-1.14452
207	-1.20982
208	-1.27416
209	-1.33747
210	-1.3997
211	-1.46079
212	-1.52069
213	-1.57938
214	-1.63683
215	-1.69303
216	-1.74797
217	-1.80164
218	-1.85407
219	-1.90524
220	-1.95519
221	-2.00396
222	-2.0516
223	-2.09816
224	-2.14371
225	-2.18831
226	-2.23201
227	-2.27488
228	-2.31695
229	-2.35829
230	-2.39896
231	-2.43901
232	-2.4785
233	-2.51748
234	-2.55601
235	-2.59413
236	-2.63189
237	-2.66935
238	-2.70656
239	-2.7436
240	-2.78053
241	-2.81741
242	-2.85431
243	-2.89126
244	-2.92832
245	-2.9655
246	-3.00282
247	-3.04028
248	-3.0779
249	-3.11565
250	-3.1535
251	-3.1914
252	-3.22927
253	-3.26704
254	-3.30461
255	-3.34188
256	-3.37875
257	-3.4151
258	-3.45082
259	-3.48577
260	-3.51981
261	-3.5528
262	-3.58458
263	-3.61501
264	-3.64396
265	-3.67131
266	-3.69695
267	-3.72075
268	-3.74265
269	-3.76253
270	-3.78034
271	-3.796
272	-3.80944
273	-3.82065
274	-3.82961
275	-3.83632
276	-3.8408
277	-3.84308
278	-3.84319
279	-3.84118
280	-3.83711
281	-3.83104
282	-3.82305
283	-3.81322
284	-3.80164
285	-3.78839
286	-3.77355
287	-3.7572
288	-3.73938
289	-3.72017
290	-3.69965
291	-3.67789
292	-3.65495
293	-3.63093
294	-3.6059
295	-3.57993
296	-3.55309
297	-3.52546
298	-3.49713
299	-3.46817
300	-3.43866
301	-3.40869
302	-3.37831
303	-3.34758
304	-3.31656
305	-3.28525
306	-3.2537
307	-3.22192
308	-3.18992
309	-3.1577
310	-3.12528
311	-3.09264
312	-3.05975
313	-3.02658
314	-2.9931
315	-2.95928
316	-2.92507
317	-2.89045
318	-2.85537
319	-2.81979
320	-2.78368
321	-2.74697
322	-2.7096
323	-2.67152
324	-2.63265
325	-2.59296
326	-2.55239
327	-2.5109
328	-2.46845
329	-2.42503
330	-2.3806
331	-2.33517
332	-2.28871
333	-2.24123
334	-2.19274
335	-2.14325
336	-2.0928
337	-2.0414
338	-1.98909
339	-1.93591
340	-1.88188
341	-1.82704
342	-1.77141
343	-1.71502
344	-1.65789
345	-1.60005
346	-1.5415
347	-1.48228
348	-1.42239
349	-1.36185
350	-1.30066
351	-1.23884
352	-1.17642
353	-1.11341
354	-1.04985
355	-0.985759
356	-0.921162
357	-0.856081
358	-0.790533
359	-0.724535
360	-0.658099
Line Current iac
0	-2.78058
1	-2.81748
2	-2.85437
3	-2.89133
4	-2.92839
5	-2.96557
6	-3.00288
7	-3.04035
8	-3.07797
9	-3.11572
10	-3.15356
11	-3.19146
12	-3.22934
13	-3.2671
14	-3.30467
15	-3.34194
16	-3.37881
17	-3.41517
18	-3.45088
19	-3.48583
20	-3.51987
21	-3.55286
22	-3.58464
23	-3.61507
24	-3.64403
25	-3.67138
26	-3.69701
27	-3.72082
28	-3.74271
29	-3.7626
30	-3.78041
31	-3.79606
32	-3.8095
33	-3.82071
34	-3.82967
35	-3.83638
36	-3.84086
37	-3.84314
38	-3.84325
39	-3.84124
40	-3.83717
41	-3.8311
42	-3.82311
43	-3.81328
44	-3.8017
45	-3.78845
46	-3.77361
47	-3.75725
48	-3.73944
49	-3.72023
50	-3.69971
51	-3.67795
52	-3.65501
53	-3.63099
54	-3.60596
55	-3.57999
56	-3.55315
57	-3.52552
58	-3.49719
59	-3.46823
60	-3.43872
61	-3.40874
62	-3.37836
63	-3.34764
64	-3.31661
65	-3.28531
66	-3.25376
67	-3.22197
68	-3.18997
69	-3.15776
70	-3.12534
71	-3.09269
72	-3.05981
73	-3.02664
74	-2.99316
75	-2.95933
76	-2.92512
77	-2.8905
78	-2.85542
79	-2.81985
80	-2.78373
81	-2.74702
82	-2.70966
83	-2.67157
84	-2.63271
85	-2.59302
86	-2.55244
87	-2.51095
88	-2.46851
89	-2.42508
90	-2.38066
91	-2.33522
92	-2.28876
93	-2.24129
94	-2.19279
95	-2.14331
96	-2.09285
97	-2.04145
98	-1.98914
99	-1.93596
100	-1.88193
101	-1.82709
102	-1.77146
103	-1.71507
104	-1.65794
105	-1.6001
106	-1.54156
107	-1.48233
108	-1.42244
109	-1.3619
110	-1.30071
111	-1.23889
112	-1.17647
113	-1.11346
114	-1.0499
115	-0.98581
116	-0.921213
117	-0.856131
118	-0.790584
119	-0.724585
120	-0.65815
121	-0.591288
122	-0.524012
123	-0.456329
124	-0.388246
125	-0.319766
126	-0.250896
127	-0.181644
128	-0.112026
129	-0.0420658
130	0.0282051
131	0.0987459
132	0.16951
133	0.240445
134	0.311492
135	0.382589
136	0.453666
137	0.524644
138	0.595438
139	0.665959
140	0.736116
141	0.805815
142	0.874963
143	0.943482
144	1.0113
145	1.07834
146	1.14454
147	1.20984
148	1.27418
149	1.3375
150	1.39973
151	1.46082
152	1.52072
153	1.57941
154	1.63686
155	1.69306
156	1.74799
157	1.80167
158	1.85409
159	1.90526
160	1.95521
161	2.00398
162	2.05162
163	2.09819
164	2.14374
165	2.18833
166	2.23204
167	2.2749
168	2.31697
169	2.35832
170	2.39898
171	2.43903
172	2.47852
173	2.51751
174	2.55603
175	2.59416
176	2.63192
177	2.66937
178	2.70658
179	2.74362
180	2.78055
181	2.81744
182	2.85433
183	2.89129
184	2.92835
185	2.96552
186	3.00284
187	3.04031
188	3.07793
189	3.11568
190	3.15352
191	3.19142
192	3.2293
193	3.26706
194	3.30463
195	3.3419
196	3.37877
197	3.41513
198	3.45084
199	3.48579
200	3.51983
201	3.55282
202	3.5846
203	3.61503
204	3.64399
205	3.67134
206	3.69697
207	3.72078
208	3.74267
209	3.76256
210	3.78037
211	3.79602
212	3.80946
213	3.82068
214	3.82963
215	3.83634
216	3.84082
217	3.8431
218	3.84322
219	3.84121
220	3.83713
221	3.83106
222	3.82307
223	3.81324
224	3.80166
225	3.78841
226	3.77357
227	3.75722
228	3.7394
229	3.7202
230	3.69967
231	3.67791
232	3.65498
233	3.63095
234	3.60592
235	3.57995
236	3.55311
237	3.52549
238	3.49715
239	3.46819
240	3.43868
241	3.40871
242	3.37833
243	3.3476
244	3.31658
245	3.28527
246	3.25372
247	3.22194
248	3.18994
249	3.15773
250	3.1253
251	3.09266
252	3.05977
253	3.0266
254	2.99312
255	2.9593
256	2.92509
257	2.89047
258	2.85539
259	2.81981
260	2.7837
261	2.74699
262	2.70962
263	2.67154
264	2.63268
265	2.59298
266	2.55241
267	2.51092
268	2.46847
269	2.42505
270	2.38062
271	2.33519
272	2.28873
273	2.24125
274	2.19276
275	2.14327
276	2.09282
277	2.04142
278	1.98911
279	1.93593
280	1.8819
281	1.82706
282	1.77143
283	1.71504
284	1.65791
285	1.60007
286	1.54152
287	1.4823
288	1.42241
289	1.36187
290	1.30068
291	1.23886
292	1.17644
293	1.11343
294	1.04987
295	0.985778
296	0.921181
297	0.8561
298	0.790552
299	0.724554
300	0.658118
301	0.591257
302	0.523981
303	0.456298
304	0.388214
305	0.319735
306	0.250865
307	0.181613
308	0.111995
309	0.0420348
310	-0.028236
311	-0.0987768
312	-0.169541
313	-0.240475
314	-0.311523
315	-0.38262
316	-0.453696
317	-0.524674
318	-0.595469
319	-0.66599
320	-0.736146
321	-0.805845
322	-0.874994
323	-0.943512
324	-1.01133
325	-1.07837
326	-1.14457
327	-1.20987
328	-1.27421
329	-1.33753
330	-1.39976
331	-1.46085
332	-1.52075
333	-1.57944
334	-1.63689
335	-1.69308
336	-1.74802
337	-1.8017
338	-1.85412
339	-1.90529
340	-1.95524
341	-2.00401
342	-2.05165
343	-2.09822
344	-2.14377
345	-2.18836
346	-2.23206
347	-2.27493
348	-2.317
349	-2.35834
350	-2.39901
351	-2.43906
352	-2.47855
353	-2.51753
354	-2.55606
355	-2.59419
356	-2.63194
357	-2.6694
358	-2.70661
359	-2.74365
360	-2.78058
Line Current iba
0	3.43868
1	3.40867
2	3.37829
3	3.34757
4	3.31654
5	3.28524
6	3.25369
7	3.2219
8	3.1899
9	3.15769
10	3.12527
11	3.09263
12	3.05974
13	3.02657
14	2.99309
15	2.95926
16	2.92506
17	2.89043
18	2.85536
19	2.81978
20	2.78367
21	2.74696
22	2.70959
23	2.67151
24	2.63264
25	2.59295
26	2.55238
27	2.51089
28	2.46844
29	2.42502
30	2.38059
31	2.33516
32	2.2887
33	2.24122
34	2.19273
35	2.14324
36	2.09279
37	2.04139
38	1.98908
39	1.9359
40	1.88187
41	1.82703
42	1.7714
43	1.71501
44	1.65788
45	1.60004
46	1.54149
47	1.48227
48	1.42238
49	1.36184
50	1.30065
51	1.23883
52	1.17641
53	1.1134
54	1.04984
55	0.985749
56	0.921152
57	0.856071
58	0.790523
59	0.724525
60	0.658089
61	0.591228
62	0.523952
63	0.45627
64	0.388186
65	0.319707
66	0.250837
67	0.181585
68	0.111967
69	0.0420068
70	-0.0282639
71	-0.0988046
72	-0.169568
73	-0.240503
74	-0.311551
75	-0.382648
76	-0.453724
77	-0.524702
78	-0.595496
79	-0.666017
80	-0.736173
81	-0.805872
82	-0.875021
83	-0.943539
84	-1.01135
85	-1.0784
86	-1.1446
87	-1.2099
88	-1.27424
89	-1.33755
90	-1.39978
91	-1.46087
92	-1.52078
93	-1.57946
94	-1.63691
95	-1.69311
96	-1.74805
97	-1.80172
98	-1.85415
99	-1.90532
100	-1.95527
101	-2.00404
102	-2.05168
103	-2.09824
104	-2.14379
105	-2.18839
106	-2.23209
107	-2.27495
108	-2.31703
109	-2.35837
110	-2.39904
111	-2.43909
112	-2.47858
113	-2.51756
114	-2.55609
115	-2.59421
116	-2.63197
117	-2.66942
118	-2.70664
119	-2.74368
120	-2.7806
121	-2.81749
122	-2.85438
123	-2.89134
124	-2.9284
125	-2.96558
126	-3.00289
127	-3.04036
128	-3.07798
129	-3.11573
130	-3.15358
131	-3.19147
132	-3.22935
133	-3.26712
134	-3.30468
135	-3.34195
136	-3.37882
137	-3.41518
138	-3.45089
139	-3.48584
140	-3.51988
141	-3.55287
142	-3.58465
143	-3.61508
144	-3.64404
145	-3.67139
146	-3.69702
147	-3.72083
148	-3.74272
149	-3.76261
150	-3.78042
151	-3.79607
152	-3.80951
153	-3.82072
154	-3.82968
155	-3.83639
156	-3.84087
157	-3.84315
158	-3.84326
159	-3.84125
160	-3.83718
161	-3.83111
162	-3.82312
163	-3.81329
164	-3.80171
165	-3.78846
166	-3.77362
167	-3.75726
168	-3.73945
169	-3.72024
170	-3.69972
171	-3.67796
172	-3.65502
173	-3.631
174	-3.60597
175	-3.58
176	-3.55316
177	-3.52553
178	-3.4972
179	-3.46824
180	-3.43873
181	-3.40875
182	-3.37837
183	-3.34765
184	-3.31662
185	-3.28532
186	-3.25376
187	-3.22198
188	-3.18998
189	-3.15777
190	-3.12535
191	-3.0927
192	-3.05982
193	-3.02665
194	-2.99317
195	-2.95934
196	-2.92513
197	-2.89051
198	-2.85543
199	-2.81986
200	-2.78374
201	-2.74703
202	-2.70967
203	-2.67158
204	-2.63272
205	-2.59303
206	-2.55245
207	-2.51096
208	-2.46851
209	-2.42509
210	-2.38067
211	-2.33523
212	-2.28877
213	-2.24129
214	-2.1928
215	-2.14332
216	-2.09286
217	-2.04146
218	-1.98915
219	-1.93597
220	-1.88194
221	-1.8271
222	-1.77147
223	-1.71508
224	-1.65795
225	-1.60011
226	-1.54156
227	-1.48234
228	-1.42245
229	-1.36191
230	-1.30072
231	-1.2389
232	-1.17648
233	-1.11347
234	-1.04991
235	-0.985818
236	-0.921221
237	-0.856139
238	-0.790592
239	-0.724593
240	-0.658157
241	-0.591296
242	-0.52402
243	-0.456337
244	-0.388254
245	-0.319774
246	-0.250904
247	-0.181652
248	-0.112034
249	-0.0420734
250	0.0281974
251	0.0987383
252	0.169502
253	0.240437
254	0.311485
255	0.382582
256	0.453658
257	0.524636
258	0.595431
259	0.665952
260	0.736108
261	0.805807
262	0.874956
263	0.943475
264	1.01129
265	1.07833
266	1.14454
267	1.20984
268	1.27417
269	1.33749
270	1.39972
271	1.46081
272	1.52071
273	1.5794
274	1.63685
275	1.69305
276	1.74799
277	1.80166
278	1.85408
279	1.90526
280	1.95521
281	2.00398
282	2.05162
283	2.09818
284	2.14373
285	2.18833
286	2.23203
287	2.27489
288	2.31697
289	2.35831
290	2.39898
291	2.43903
292	2.47852
293	2.5175
294	2.55603
295	2.59415
296	2.63191
297	2.66936
298	2.70658
299	2.74362
300	2.78055
301	2.81743
302	2.85432
303	2.89128
304	2.92834
305	2.96552
306	3.00283
307	3.0403
308	3.07792
309	3.11567
310	3.15352
311	3.19141
312	3.22929
313	3.26706
314	3.30462
315	3.3419
316	3.37877
317	3.41512
318	3.45084
319	3.48578
320	3.51982
321	3.55281
322	3.5846
323	3.61503
324	3.64398
325	3.67133
326	3.69696
327	3.72077
328	3.74266
329	3.76255
330	3.78036
331	3.79601
332	3.80946
333	3.82067
334	3.82963
335	3.83634
336	3.84082
337	3.84309
338	3.84321
339	3.8412
340	3.83712
341	3.83105
342	3.82306
343	3.81324
344	3.80166
345	3.78841
346	3.77357
347	3.75721
348	3.73939
349	3.72019
350	3.69967
351	3.6779
352	3.65497
353	3.63095
354	3.60591
355	3.57995
356	3.55311
357	3.52548
358	3.49715
359	3.46819
360	3.43868
Line Current icb
